,,,Round 1,Round 1,,Totals,Totals,Totals,Totals,Totals,Shooting,Shooting,Shooting,Per Game,Per Game,Per Game,Per Game,Advanced,Advanced,Advanced,Advanced
Rk,Pk,Tm,Player,College,Yrs,G,MP,PTS,TRB,AST,FG%,3P%,FT%,MP,PTS,TRB,AST,WS,WS/48,BPM,VORP
1,1,DAL,Cooper Flagg,Duke,1,31,1071,602,199,119,.493,.269,.794,34.5,19.4,6.4,3.8,2.2,.097,0.7,0.7
2,2,SAS,Dylan Harper,Rutgers University,1,20,428,243,63,77,.468,.271,.727,21.4,12.2,3.2,3.9,0.9,.103,0.2,0.2
3,3,PHI,VJ Edgecombe,Baylor,1,25,876,394,139,98,.427,.370,.790,35.0,15.8,5.6,3.9,1.5,.082,-1.0,0.2
4,4,CHO,Kon Knueppel,Duke,1,31,1027,597,159,107,.478,.428,.897,33.1,19.3,5.1,3.5,2.1,.097,0.7,0.7
5,5,UTA,Ace Bailey,Rutgers University,1,30,715,311,98,46,.438,.357,.667,23.8,10.4,3.3,1.5,0.0,-.003,-4.5,-0.4
6,6,WAS,Tre Johnson,Texas,1,22,508,253,68,33,.440,.378,.871,23.1,11.5,3.1,1.5,-0.1,-.005,-3.4,-0.2
7,7,NOP,Jeremiah Fears,Oklahoma,1,32,856,469,111,99,.439,.351,.776,26.8,14.7,3.5,3.1,-0.1,-.005,-3.6,-0.3
8,8,BRK,Egor Dёmin,BYU,1,26,618,245,82,90,.396,.365,.864,23.8,9.4,3.2,3.5,0.4,.030,-1.7,0.1
9,9,TOR,Collin Murray-Boyles,South Carolina,1,26,468,182,98,36,.556,.452,.606,18.0,7.0,3.8,1.4,1.1,.108,-0.9,0.1
10,10,HOU,Khaman Maluach,Duke,1,13,65,19,13,2,.375,.000,.875,5.0,1.5,1.0,0.2,0.0,-.030,-10.8,-0.1
11,11,POR,Cedric Coward,Washington State,1,30,812,407,186,87,.466,.331,.824,27.1,13.6,6.2,2.9,1.8,.104,0.3,0.5
12,12,CHI,Noa Essengue,,1,2,6,0,0,0,.000,.000,,3.0,0.0,0.0,0.0,-0.1,-.410,-24.1,0.0
13,13,ATL,Derik Queen,Maryland,1,32,823,423,219,129,.511,.185,.780,25.7,13.2,6.8,4.0,1.4,.081,0.0,0.4
14,14,SAS,Carter Bryant,Arizona,1,22,162,53,36,4,.364,.300,.667,7.4,2.4,1.6,0.2,0.0,-.010,-6.5,-0.2
15,15,OKC,Thomas Sorber,Georgetown,,,,,,,,,,,,,,,,,
16,16,MEM,Yang Hansen,,1,14,108,38,25,12,.317,.063,.917,7.7,2.7,1.8,0.9,-0.2,-.068,-7.0,-0.1
17,17,MIN,Joan Beringer,,1,9,37,18,12,0,.727,,.667,4.1,2.0,1.3,0.0,0.1,.157,-2.6,0.0
18,18,WAS,Walter Clayton,Florida,1,26,411,157,52,81,.400,.286,.943,15.8,6.0,2.0,3.1,0.3,.031,-3.0,-0.1
19,19,BRK,Nolan Traoré,,1,8,90,20,8,12,.292,.250,.600,11.3,2.5,1.0,1.5,-0.1,-.061,-7.8,-0.1
20,20,MIA,Kasparas Jakučionis,Illinois,1,6,100,37,12,6,.357,.500,1.000,16.7,6.2,2.0,1.0,0.2,.092,-1.8,0.0
21,21,UTA,Will Riley,Illinois,1,23,270,106,37,23,.453,.231,.786,11.7,4.6,1.6,1.0,0.1,.015,-4.6,-0.2
22,22,ATL,Drake Powell,UNC,1,19,337,114,35,37,.488,.378,.952,17.7,6.0,1.8,1.9,0.5,.067,-2.9,-0.1
23,23,IND,Asa Newell,Georgia,1,22,227,115,42,11,.571,.500,.692,10.3,5.2,1.9,0.5,0.6,.122,-0.6,0.1
24,24,OKC,Nique Clifford,Colorado State,1,26,466,131,71,35,.392,.268,.750,17.9,5.0,2.7,1.3,-0.2,-.020,-5.9,-0.5
25,25,ORL,Jase Richardson,Michigan State,1,20,199,102,26,24,.506,.433,.733,10.0,5.1,1.3,1.2,0.5,.118,0.4,0.1
26,26,BRK,Ben Saraf,,1,12,203,65,19,34,.355,.273,.800,16.9,5.4,1.6,2.8,-0.2,-.048,-6.2,-0.2
27,27,BRK,Danny Wolf,Michigan,1,14,252,108,56,25,.378,.378,.850,18.0,7.7,4.0,1.8,0.0,-.004,-4.0,-0.1
28,28,BOS,Hugo González,,1,25,354,102,76,13,.524,.400,.444,14.2,4.1,3.0,0.5,0.7,.091,-1.7,0.0
29,29,PHO,Liam McNeeley,UConn,1,20,261,96,45,17,.406,.413,.840,13.1,4.8,2.3,0.9,0.4,.081,-2.4,0.0
30,30,LAC,Yanic Konan Niederhäuser,Penn State,1,14,88,36,20,3,.700,,.533,6.3,2.6,1.4,0.2,0.2,.104,-3.5,0.0
31,31,MIN,Rasheer Fleming,Saint Joseph's,1,15,98,44,18,2,.390,.217,1.000,6.5,2.9,1.2,0.1,0.2,.077,-3.7,0.0
32,32,BOS,Noah Penda,,1,18,199,76,70,21,.453,.440,.538,11.1,4.2,3.9,1.2,0.5,.119,-0.5,0.1
33,33,CHO,Sion James,Duke,1,31,797,211,100,50,.404,.364,.865,25.7,6.8,3.2,1.6,0.9,.056,-3.2,-0.2
34,34,CHO,Ryan Kalkbrenner,Creighton,1,26,665,226,167,16,.787,.000,.723,25.6,8.7,6.4,0.6,2.1,.151,0.4,0.4
35,35,PHI,Johni Broome,Auburn,1,7,40,10,13,4,.200,.000,.500,5.7,1.4,1.9,0.6,-0.1,-.170,-15.2,-0.1
36,36,BRK,Adou Thiero,Arkansas,1,13,78,18,12,3,.429,.000,.750,6.0,1.4,0.9,0.2,0.0,.029,-7.2,-0.1
37,37,DET,Chaz Lanier,Tennessee,1,13,133,43,14,10,.333,.324,1.000,10.2,3.3,1.1,0.8,0.3,.099,-2.0,0.0
38,38,SAS,Kam Jones,Marquette,1,3,9,9,0,2,1.000,1.000,,3.0,3.0,0.0,0.7,0.1,.446,23.6,0.1
39,39,TOR,Alijah Martin,Florida,1,2,7,0,0,0,.000,,,3.5,0.0,0.0,0.0,0.0,-.049,-4.9,0.0
40,40,WAS,Micah Peavy,Georgetown,1,26,390,120,60,25,.413,.250,.714,15.0,4.6,2.3,1.0,0.2,.020,-5.1,-0.3
41,41,GSW,Koby Brea,Kentucky,1,2,8,4,1,2,.333,.000,1.000,4.0,2.0,0.5,1.0,0.0,.194,-2.9,0.0
42,42,SAC,Maxime Raynaud,Stanford,1,22,460,219,129,22,.520,.316,.761,20.9,10.0,5.9,1.0,0.6,.060,-3.6,-0.2
43,43,UTA,Jamir Watkins,Florida State,1,12,144,38,30,6,.542,.308,1.000,12.0,3.2,2.5,0.5,0.2,.076,-4.3,-0.1
44,44,OKC,Brooks Barnhizer,Northwestern,1,20,153,29,36,9,.462,.200,.667,7.7,1.5,1.8,0.5,0.4,.112,-2.0,0.0
45,45,CHI,Rocco Zikarsky,,,,,,,,,,,,,,,,,,
46,46,ORL,Amari Williams,Kentucky,1,6,31,3,7,1,.500,,.500,5.2,0.5,1.2,0.2,0.1,.123,-1.5,0.0
47,47,MIL,Bogoljub Markovic,,,,,,,,,,,,,,,,,,
48,48,MEM,Javon Small,West Virginia,1,10,114,34,10,29,.294,.261,.800,11.4,3.4,1.0,2.9,0.0,.005,-6.1,-0.1
49,49,CLE,Tyrese Proctor,Duke,1,23,274,119,33,33,.333,.293,.826,11.9,5.2,1.4,1.4,0.1,.022,-5.8,-0.3
50,50,NYK,Kobe Sanders,Nevada,1,22,418,142,44,28,.457,.400,.923,19.0,6.5,2.0,1.3,0.1,.013,-4.4,-0.2
51,51,LAC,Mohamed Diawara,,1,22,95,28,15,10,.379,.333,.250,4.3,1.3,0.7,0.5,0.0,-.001,-5.0,-0.1
52,52,PHO,Alex Toohey,,,,,,,,,,,,,,,,,,
53,53,UTA,John Tonje,Wisconsin,,,,,,,,,,,,,,,,,
54,54,IND,Taelon Peter,Liberty,1,18,114,27,17,14,.258,.241,.800,6.3,1.5,0.9,0.8,-0.1,-.063,-6.3,-0.1
55,55,LAL,Lachlan Olbrich,,1,5,36,2,11,3,.167,.000,,7.2,0.4,2.2,0.6,-0.1,-.081,-11.7,-0.1
56,56,MEM,Will Richard,Florida,1,26,485,208,70,27,.533,.405,.800,18.7,8.0,2.7,1.0,1.5,.152,0.7,0.3
57,57,ORL,Max Shulga,VCU,,,,,,,,,,,,,,,,,
58,58,CLE,Saliou Niang,,,,,,,,,,,,,,,,,,
59,59,HOU,Jahmai Mashack,Tennessee,1,6,21,6,5,2,.286,.400,,3.5,1.0,0.8,0.3,-0.1,-.128,-8.7,0.0
60,60,NYK,,,,,,,,,,,,,,,,,,,