Rk,Gcar,Gtm,Date,Team,,Opp,Type,Result,GS,MP,FG,FGA,FG%,3P,3PA,3P%,2P,2PA,2P%,eFG%,FT,FTA,FT%,ORB,DRB,TRB,AST,STL,BLK,TOV,PF,PTS,GmSc
,,,,,,,,,,,,,,,,,,,,,,,,,,,,,,,,,
1,1,1,2022-11-08,Oregon State,,Tulsa,REG (Non-Conf),W 73-70,*,33,6,11,.545,2,4,.500,4,7,.571,.636,5,5,1.000,0,5,5,3,0,1,3,3,19,13.8
2,2,2,2022-11-11,Oregon State,,Florida A&M,REG (Non-Conf),W 60-43,*,31,5,10,.500,2,5,.400,3,5,.600,.600,2,3,.667,0,4,4,3,3,0,1,1,14,13.5
3,3,3,2022-11-15,Oregon State,,Bushnell,REG (Non-Conf),W 83-66,*,35,6,13,.462,2,7,.286,4,6,.667,.538,1,2,.500,0,6,6,7,2,1,1,1,15,15.9
4,4,4,2022-11-19,Oregon State,,Portland State,REG (Non-Conf),L 66-79,*,35,5,11,.455,2,4,.500,3,7,.429,.545,2,3,.667,0,0,0,2,2,0,3,3,14,7.1
5,5,5,2022-11-24,Oregon State,N,Duke,REG (Non-Conf),L 51-54,*,38,5,12,.417,1,6,.167,4,6,.667,.458,3,4,.750,1,4,5,2,2,0,2,0,14,10.5
6,6,6,2022-11-25,Oregon State,N,Florida,REG (Non-Conf),L 68-81,*,39,4,10,.400,2,4,.500,2,6,.333,.500,2,2,1.000,0,2,2,5,1,0,0,1,12,11.3
7,7,7,2022-11-27,Oregon State,N,Portland State,REG (Non-Conf),L 71-83,*,37,6,10,.600,1,3,.333,5,7,.714,.650,10,10,1.000,0,3,3,3,1,0,2,2,23,19.6
8,8,8,2022-12-01,Oregon State,,Washington,REG (Conf),W 66-65,*,34,1,7,.143,0,2,.000,1,5,.200,.143,4,4,1.000,0,2,2,5,0,0,2,2,6,2.8
9,9,9,2022-12-04,Oregon State,@,Southern California,REG (Conf),L 62-63,*,34,4,10,.400,3,7,.429,1,3,.333,.550,0,0,,0,1,1,2,0,0,3,2,11,3.5
10,10,10,2022-12-11,Oregon State,@,Texas A&M,REG (Non-Conf),L 54-72,*,36,5,11,.455,2,6,.333,3,5,.600,.545,3,3,1.000,0,0,0,5,0,0,1,0,15,11.8
11,11,11,2022-12-15,Oregon State,,Seattle,REG (Non-Conf),W 73-58,*,26,6,9,.667,3,5,.600,3,4,.750,.833,0,0,,0,1,1,1,0,0,1,1,15,10.7
12,12,12,2022-12-18,Oregon State,,Green Bay,REG (Non-Conf),W 65-56,*,24,3,5,.600,0,2,.000,3,3,1.000,.600,2,4,.500,1,0,1,1,0,0,1,1,8,4.9
13,13,13,2022-12-21,Oregon State,,Denver,REG (Non-Conf),W 57-52,*,36,3,11,.273,2,5,.400,1,6,.167,.364,2,2,1.000,0,4,4,2,0,0,1,1,10,4.7
14,14,14,2022-12-31,Oregon State,@,Oregon,REG (Conf),L 68-77,*,32,3,8,.375,2,3,.667,1,5,.200,.500,0,0,,0,2,2,0,2,0,1,1,8,4.8
15,15,15,2023-01-05,Oregon State,@,Utah,REG (Conf),L 60-79,*,32,3,5,.600,2,3,.667,1,2,.500,.800,0,0,,0,2,2,0,1,0,0,0,8,7.3
16,16,16,2023-01-07,Oregon State,@,Colorado,REG (Conf),L 42-62,,29,2,11,.182,1,3,.333,1,8,.125,.227,0,0,,1,2,3,2,1,0,1,1,5,0.4
17,17,17,2023-01-12,Oregon State,,Arizona,REG (Conf),L 74-86,*,39,5,9,.556,3,6,.500,2,3,.667,.722,1,2,.500,0,3,3,4,3,0,2,1,14,13.6
18,18,18,2023-01-14,Oregon State,,Arizona State,REG (Conf),L 69-74,*,30,4,13,.308,1,5,.200,3,8,.375,.346,0,0,,2,3,5,2,1,0,2,5,9,2.2
19,19,19,2023-01-19,Oregon State,@,Stanford,REG (Conf),L 46-67,*,30,2,6,.333,2,5,.400,0,1,.000,.500,2,2,1.000,0,5,5,2,0,0,0,4,8,5.9
20,20,20,2023-01-22,Oregon State,@,California,REG (Conf),W 68-48,*,34,8,12,.667,2,6,.333,6,6,1.000,.750,1,2,.500,0,2,2,4,1,0,0,0,19,17.8
21,21,21,2023-01-26,Oregon State,,Utah,REG (Conf),L 44-63,*,33,5,11,.455,1,5,.200,4,6,.667,.500,0,0,,0,2,2,0,1,0,1,2,11,5.1
22,22,22,2023-01-28,Oregon State,,Colorado,REG (Conf),W 60-52,*,36,7,15,.467,5,10,.500,2,5,.400,.633,0,0,,0,1,1,1,1,0,0,1,19,12.9
23,23,23,2023-02-02,Oregon State,@,Arizona State,REG (Conf),L 57-68,*,37,5,17,.294,4,12,.333,1,5,.200,.412,0,0,,0,1,1,3,0,0,2,1,14,4.1
24,24,24,2023-02-04,Oregon State,@,Arizona,REG (Conf),L 52-84,*,33,2,5,.400,1,2,.500,1,3,.333,.500,6,6,1.000,0,0,0,1,1,0,1,0,11,9.0
25,25,25,2023-02-09,Oregon State,,UCLA,REG (Conf),L 47-62,*,24,7,14,.500,3,4,.750,4,10,.400,.607,0,0,,1,0,1,2,1,0,4,3,17,7.9
26,26,26,2023-02-11,Oregon State,,Southern California,REG (Conf),W 61-58,*,34,6,14,.429,2,6,.333,4,8,.500,.500,2,3,.667,0,0,0,3,0,0,0,4,16,8.7
27,27,27,2023-02-16,Oregon State,@,Washington State,REG (Conf),L 62-80,*,34,4,9,.444,1,4,.250,3,5,.600,.500,0,0,,1,2,3,3,0,0,3,2,9,3.9
28,28,28,2023-02-18,Oregon State,@,Washington,REG (Conf),L 47-61,*,39,5,10,.500,1,2,.500,4,8,.500,.550,0,0,,3,4,7,1,2,0,2,0,11,10.0
29,29,29,2023-02-25,Oregon State,,Oregon,REG (Conf),L 67-69,*,31,2,8,.250,1,3,.333,1,5,.200,.313,3,4,.750,0,1,1,1,1,0,1,2,8,3.0
30,30,30,2023-03-02,Oregon State,,Stanford,REG (Conf),L 60-83,*,32,2,10,.200,1,5,.200,1,5,.200,.250,6,6,1.000,1,3,4,1,0,0,1,3,11,4.9
31,31,31,2023-03-04,Oregon State,,California,REG (Conf),W 69-66,*,37,6,13,.462,2,5,.400,4,8,.500,.538,3,5,.600,2,2,4,3,1,0,3,1,17,11.2
32,32,32,2023-03-08,Oregon State,N,Arizona State,CTOURN,L 57-63,*,37,4,13,.308,3,10,.300,1,3,.333,.423,1,1,1.000,0,3,3,0,1,0,1,1,12,5.0
33,33,1,2023-11-06,Oregon State,,Linfield,REG (Non-Conf),W 82-46,*,27,7,13,.538,2,4,.500,5,9,.556,.615,0,0,,0,0,0,1,0,0,1,0,16,9.4
34,34,2,2023-11-10,Oregon State,,Troy,REG (Non-Conf),W 81-80 (2OT),*,44,5,18,.278,1,9,.111,4,9,.444,.306,5,5,1.000,1,3,4,2,1,0,2,1,16,7.0
35,35,3,2023-11-14,Oregon State,,Appalachian State,REG (Non-Conf),W 81-71 (OT),*,41,9,13,.692,6,8,.750,3,5,.600,.923,1,1,1.000,3,4,7,5,0,0,0,3,25,25.1
36,36,4,2023-11-18,Oregon State,N,Nebraska,REG (Non-Conf),L 63-84,*,36,8,12,.667,3,5,.600,5,7,.714,.792,6,6,1.000,2,1,3,3,0,0,3,1,25,20.2
37,37,5,2023-11-22,Oregon State,N,Baylor,REG (Non-Conf),L 72-88,*,37,5,15,.333,1,6,.167,4,9,.444,.367,2,2,1.000,0,4,4,3,0,1,4,0,13,4.5
38,38,6,2023-11-24,Oregon State,N,Pittsburgh,REG (Non-Conf),L 51-76,*,35,4,10,.400,1,5,.200,3,5,.600,.450,2,2,1.000,0,0,0,4,1,0,2,0,11,7.4
39,39,7,2023-11-30,Oregon State,,UC Davis,REG (Non-Conf),W 71-59,*,35,4,11,.364,2,5,.400,2,6,.333,.455,5,6,.833,1,2,3,3,1,0,3,3,15,8.7
40,40,8,2023-12-04,Oregon State,,Cal Poly,REG (Non-Conf),W 70-63 (2OT),*,45,5,20,.250,0,5,.000,5,15,.333,.250,0,0,,1,3,4,2,1,0,3,3,10,-2.2
41,41,9,2023-12-09,Oregon State,,Utah Valley,REG (Non-Conf),W 74-71,*,39,4,12,.333,1,5,.200,3,7,.429,.375,2,2,1.000,0,0,0,2,0,1,1,2,11,4.5
42,42,10,2023-12-17,Oregon State,,UTSA,REG (Non-Conf),W 66-65,*,35,7,14,.500,3,4,.750,4,10,.400,.607,2,2,1.000,0,2,2,4,0,0,0,0,19,15.4
43,43,11,2023-12-21,Oregon State,,Idaho State,REG (Non-Conf),W 76-57,*,37,9,14,.643,5,8,.625,4,6,.667,.821,2,3,.667,1,2,3,8,1,0,2,1,25,23.9
44,44,12,2023-12-28,Oregon State,,UCLA,REG (Conf),L 62-69,*,36,5,16,.313,1,7,.143,4,9,.444,.344,2,3,.667,0,2,2,4,0,0,1,0,13,5.8
45,45,13,2023-12-30,Oregon State,,Southern California,REG (Conf),W 86-70,*,35,7,16,.438,3,9,.333,4,7,.571,.531,3,4,.750,0,1,1,6,2,0,4,0,20,13.7
46,46,14,2024-01-04,Oregon State,@,Washington State,REG (Conf),L 58-65,*,38,8,16,.500,2,5,.400,6,11,.545,.563,2,2,1.000,2,0,2,2,1,0,1,3,20,13.6
47,47,15,2024-01-06,Oregon State,@,Washington,REG (Conf),L 72-79,*,35,10,17,.588,5,10,.500,5,7,.714,.735,4,5,.800,0,3,3,5,2,0,0,3,29,25.9
48,48,16,2024-01-11,Oregon State,,Stanford,REG (Conf),L 84-88 (OT),*,38,8,14,.571,2,3,.667,6,11,.545,.643,3,4,.750,0,2,2,5,0,1,5,1,21,13.4
49,49,17,2024-01-18,Oregon State,@,Utah,REG (Conf),L 47-74,*,29,3,10,.300,1,4,.250,2,6,.333,.350,0,0,,0,3,3,3,0,0,0,0,7,4.2
50,50,18,2024-01-20,Oregon State,@,Colorado,REG (Conf),L 57-90,*,29,3,11,.273,1,3,.333,2,8,.250,.318,3,4,.750,1,2,3,1,0,0,0,2,10,4.3
51,51,19,2024-01-25,Oregon State,,Arizona,REG (Conf),W 83-80,*,36,9,15,.600,5,8,.625,4,7,.571,.767,8,10,.800,0,0,0,5,1,0,4,1,31,23.4
52,52,20,2024-01-27,Oregon State,,Arizona State,REG (Conf),W 84-71,*,36,8,13,.615,1,5,.200,7,8,.875,.654,2,2,1.000,1,3,4,6,1,0,2,1,19,17.5
53,53,21,2024-02-01,Oregon State,@,UCLA,REG (Conf),L 63-71,*,36,6,9,.667,2,4,.500,4,5,.800,.778,0,0,,0,2,2,1,1,0,4,1,14,8.0
54,54,22,2024-02-03,Oregon State,@,Southern California,REG (Conf),L 54-82,*,29,4,4,1.000,3,3,1.000,1,1,1.000,1.375,3,3,1.000,0,0,0,1,1,0,6,1,14,8.1
55,55,23,2024-02-08,Oregon State,,Washington State,REG (Conf),L 58-64,*,33,5,11,.455,1,4,.250,4,7,.571,.500,1,2,.500,1,1,2,1,0,0,2,1,12,5.2
56,56,24,2024-02-10,Oregon State,,Washington,REG (Conf),L 55-67,*,35,6,18,.333,1,5,.200,5,13,.385,.361,6,6,1.000,2,2,4,4,1,0,2,1,19,12.2
57,57,25,2024-02-14,Oregon State,@,Arizona State,REG (Conf),L 61-79,*,33,4,12,.333,1,5,.200,3,7,.429,.375,2,2,1.000,0,0,0,3,1,0,5,2,11,1.5
58,58,26,2024-02-17,Oregon State,,Oregon,REG (Conf),L 58-60,*,38,4,17,.235,0,7,.000,4,10,.400,.235,2,2,1.000,2,2,4,4,2,0,2,1,10,4.1
59,59,27,2024-02-22,Oregon State,@,California,REG (Conf),L 73-81,*,37,8,16,.500,3,6,.500,5,10,.500,.594,4,4,1.000,0,3,3,4,0,0,3,3,23,14.5
60,60,28,2024-02-24,Oregon State,@,Stanford,REG (Conf),W 85-73,*,37,10,17,.588,3,6,.500,7,11,.636,.676,7,8,.875,0,2,2,2,0,0,4,1,30,19.3
61,61,29,2024-02-28,Oregon State,@,Oregon,REG (Conf),L 71-78,*,37,10,19,.526,2,6,.333,8,13,.615,.579,0,0,,0,2,2,5,1,0,0,1,22,17.4
62,62,30,2024-03-07,Oregon State,,Utah,REG (Conf),W 92-85,*,32,7,15,.467,1,5,.200,6,10,.600,.500,10,11,.909,0,4,4,4,0,0,2,4,25,17.3
63,63,31,2024-03-09,Oregon State,,Colorado,REG (Conf),L 57-73,*,34,3,12,.250,0,1,.000,3,11,.273,.250,4,5,.800,1,6,7,3,0,0,3,0,10,4.0
64,64,32,2024-03-13,Oregon State,N,UCLA,CTOURN,L 57-67,*,37,6,16,.375,3,8,.375,3,8,.375,.469,1,1,1.000,1,1,2,3,2,0,1,1,16,10.9
65,65,1,2024-11-04,Texas,N,Ohio State,REG (Non-Conf),L 72-80,*,22,2,8,.250,1,5,.200,1,3,.333,.313,0,0,,0,2,2,2,1,0,1,0,5,2.2
66,66,2,2024-11-08,Texas,,Houston Christian,REG (Non-Conf),W 90-59,*,21,5,11,.455,1,5,.200,4,6,.667,.500,0,0,,0,0,0,2,1,0,0,4,11,6.1
67,67,3,2024-11-12,Texas,,Chicago State,REG (Non-Conf),W 105-58,*,27,3,9,.333,1,5,.200,2,4,.500,.389,2,2,1.000,0,3,3,4,1,0,0,1,9,8.2
68,68,4,2024-11-16,Texas,,Mississippi Valley State,REG (Non-Conf),W 89-43,*,27,3,7,.429,2,4,.500,1,3,.333,.571,2,2,1.000,1,0,1,2,0,0,0,2,10,7.6
69,69,5,2024-11-21,Texas,N,Syracuse,REG (Non-Conf),W 70-66,*,22,3,5,.600,0,1,.000,3,4,.750,.600,0,0,,0,5,5,4,3,0,0,3,6,9.8
70,70,6,2024-11-22,Texas,N,Saint Joseph's,REG (Non-Conf),W 67-58,*,24,2,4,.500,1,2,.500,1,2,.500,.625,0,0,,0,0,0,1,2,0,0,0,5,5.7
71,71,7,2024-11-29,Texas,,Delaware State,REG (Non-Conf),W 90-68,*,20,2,7,.286,1,4,.250,1,3,.333,.357,4,5,.800,1,0,1,3,1,0,2,2,9,5.5
72,72,8,2024-12-04,Texas,@,NC State,REG (Non-Conf),W 63-59,*,32,5,9,.556,3,5,.600,2,4,.500,.722,0,1,.000,0,3,3,2,0,0,3,2,13,6.8
73,73,9,2024-12-08,Texas,,Connecticut,REG (Non-Conf),L 65-76,*,17,1,5,.200,1,2,.500,0,3,.000,.300,0,0,,0,0,0,2,0,0,0,0,3,1.3
74,74,10,2024-12-12,Texas,,New Mexico State,REG (Non-Conf),W 91-67,*,22,5,10,.500,0,4,.000,5,6,.833,.500,0,0,,0,0,0,2,1,0,0,2,10,6.6
75,75,11,2024-12-15,Texas,,Arkansas–Pine Bluff,REG (Non-Conf),W 121-57,*,21,6,8,.750,5,6,.833,1,2,.500,1.063,0,0,,0,3,3,4,4,0,0,1,17,21.1
76,76,12,2024-12-19,Texas,,New Orleans,REG (Non-Conf),W 98-62,*,33,15,21,.714,8,12,.667,7,9,.778,.905,4,5,.800,0,2,2,0,1,0,0,2,42,33.7
77,77,13,2024-12-29,Texas,,Northwestern State,REG (Non-Conf),W 77-53,*,28,4,11,.364,3,8,.375,1,3,.333,.500,0,0,,0,0,0,1,0,0,1,1,11,4.2
78,78,14,2025-01-04,Texas,@,Texas A&M,REG (Conf),L 60-80,*,27,4,9,.444,3,6,.500,1,3,.333,.611,1,2,.500,0,1,1,2,0,0,0,2,12,7.8
79,79,15,2025-01-07,Texas,,Auburn,REG (Conf),L 82-87,*,29,4,11,.364,0,3,.000,4,8,.500,.364,11,11,1.000,1,1,2,1,3,0,1,1,19,16.2
80,80,16,2025-01-11,Texas,,Tennessee,REG (Conf),L 70-74,*,32,7,14,.500,2,7,.286,5,7,.714,.571,1,2,.500,0,1,1,0,1,0,0,4,17,9.3
81,81,17,2025-01-15,Texas,@,Oklahoma,REG (Conf),W 77-73,*,36,9,17,.529,3,10,.300,6,7,.857,.618,6,6,1.000,0,2,2,0,4,0,4,1,27,18.9
82,82,18,2025-01-18,Texas,@,Florida,REG (Conf),L 60-84,*,28,0,7,.000,0,3,.000,0,4,.000,.000,2,2,1.000,1,2,3,1,1,0,3,0,2,-2.9
83,83,19,2025-01-21,Texas,,Missouri,REG (Conf),W 61-53,*,29,3,7,.429,2,5,.400,1,2,.500,.571,0,0,,0,1,1,0,0,0,2,3,8,1.4
84,84,20,2025-01-25,Texas,,Texas A&M,REG (Conf),W 70-69,*,20,2,7,.286,1,4,.250,1,3,.333,.357,0,0,,0,2,2,1,2,0,2,1,5,1.8
85,85,21,2025-01-29,Texas,@,Ole Miss,REG (Conf),L 69-72,*,22,3,14,.214,2,7,.286,1,7,.143,.286,0,0,,1,1,2,2,0,0,2,2,8,-1.0
86,86,22,2025-02-01,Texas,@,Louisiana State,REG (Conf),W 89-58,*,19,3,6,.500,1,3,.333,2,3,.667,.583,0,1,.000,0,2,2,2,0,0,0,2,7,4.8
87,87,23,2025-02-05,Texas,,Arkansas,REG (Conf),L 70-78,*,24,3,6,.500,2,5,.400,1,1,1.000,.667,0,0,,0,0,0,1,0,0,1,4,8,3.1
88,88,24,2025-02-08,Texas,@,Vanderbilt,REG (Conf),L 78-86,*,26,3,10,.300,3,9,.333,0,1,.000,.450,2,2,1.000,1,6,7,0,0,0,0,2,11,6.9
89,89,25,2025-02-11,Texas,,Alabama,REG (Conf),L 80-103,,20,4,10,.400,1,3,.333,3,7,.429,.450,0,0,,0,0,0,3,3,0,0,3,9,7.5
90,90,26,2025-02-15,Texas,,Kentucky,REG (Conf),W 82-78,,25,2,10,.200,1,7,.143,1,3,.333,.250,4,4,1.000,0,3,3,3,3,0,0,2,9,8.0
91,91,27,2025-02-22,Texas,@,South Carolina,REG (Conf),L 69-84,,12,1,4,.250,0,0,,1,4,.250,.250,0,0,,0,0,0,1,0,0,1,3,2,-1.9
92,92,28,2025-02-26,Texas,@,Arkansas,REG (Conf),L 81-86 (OT),*,35,2,7,.286,1,5,.200,1,2,.500,.357,0,0,,0,0,0,5,2,0,0,5,5,4.4
93,93,29,2025-03-01,Texas,,Georgia,REG (Conf),L 67-83,*,36,4,9,.444,2,5,.400,2,4,.500,.556,0,0,,1,2,3,3,0,0,1,1,10,7.3
94,94,30,2025-03-04,Texas,@,Mississippi State,REG (Conf),W 87-82 (OT),*,30,4,6,.667,0,1,.000,4,5,.800,.667,1,2,.500,0,3,3,2,0,0,4,2,9,3.5
95,95,31,2025-03-08,Texas,,Oklahoma,REG (Conf),L 72-76,*,26,7,10,.700,4,6,.667,3,4,.750,.900,3,3,1.000,1,3,4,0,0,0,1,4,21,15.8
96,96,32,2025-03-12,Texas,N,Vanderbilt,CTOURN,W 79-72,*,25,4,7,.571,1,3,.333,3,4,.750,.643,5,5,1.000,0,1,1,0,1,0,0,3,14,10.8
97,97,33,2025-03-13,Texas,N,Texas A&M,CTOURN,W 94-89 (2OT),*,31,4,9,.444,2,4,.500,2,5,.400,.556,3,4,.750,2,6,8,2,0,0,2,4,13,8.9
98,98,34,2025-03-14,Texas,N,Tennessee,CTOURN,L 72-83,*,27,4,9,.444,1,4,.250,3,5,.600,.500,5,5,1.000,0,3,3,1,0,0,1,4,14,8.3
99,99,35,2025-03-19,Texas,N,Xavier,FIRST-FOUR,L 80-86,*,15,1,4,.250,1,2,.500,0,2,.000,.375,0,0,,0,1,1,1,0,0,1,3,3,-0.6
100,100,1,2025-11-04,Texas,N,Duke,REG (Non-Conf),L 60-75,,30,3,10,.300,3,4,.750,0,6,.000,.450,6,7,.857,0,2,2,2,0,0,1,3,15,8.6
101,101,2,2025-11-08,Texas,,Lafayette,REG (Non-Conf),W 97-60,*,23,3,9,.333,1,4,.250,2,5,.400,.389,3,5,.600,0,1,1,6,1,0,0,4,10,8.0
102,102,3,2025-11-12,Texas,,FDU,REG (Non-Conf),W 93-58,*,22,4,10,.400,2,8,.250,2,2,1.000,.500,1,1,1.000,0,1,1,3,0,0,0,0,11,8.0
103,103,4,2025-11-15,Texas,,Kansas City,REG (Non-Conf),W 71-55,*,25,1,11,.091,0,6,.000,1,5,.200,.091,0,0,,0,3,3,0,0,0,0,0,2,-4.4
104,104,5,2025-11-18,Texas,,Rider,REG (Non-Conf),W 99-65,*,25,2,8,.250,2,7,.286,0,1,.000,.375,0,2,.000,0,5,5,3,1,0,0,1,6,4.6
105,105,6,2025-11-24,Texas,N,Arizona State,REG (Non-Conf),L 86-87,*,32,4,11,.364,2,6,.333,2,5,.400,.455,0,0,,4,0,4,3,0,1,1,2,10,7.7
106,106,7,2025-11-25,Texas,N,Chaminade,REG (Non-Conf),W 119-78,*,26,6,9,.667,3,5,.600,3,4,.750,.833,0,0,,0,2,2,8,1,0,1,2,15,16.5
107,107,8,2025-11-26,Texas,N,NC State,REG (Non-Conf),W 102-97,*,38,8,15,.533,7,13,.538,1,2,.500,.767,5,6,.833,0,0,0,4,0,0,2,2,28,20.3
108,108,9,2025-12-03,Texas,,Virginia,REG (Non-Conf),L 69-88,*,27,3,8,.375,0,5,.000,3,3,1.000,.375,4,4,1.000,0,1,1,1,0,0,1,2,10,4.8
109,109,10,2025-12-08,Texas,,Southern,REG (Non-Conf),W 95-69,*,28,7,9,.778,4,6,.667,3,3,1.000,1.000,0,0,,1,1,2,1,0,0,0,2,18,15.4
110,110,11,2025-12-12,Texas,@,Connecticut,REG (Non-Conf),L 63-71,*,32,5,10,.500,1,4,.250,4,6,.667,.550,4,4,1.000,1,0,1,1,0,0,0,2,15,10.6
111,111,12,2025-12-16,Texas,,Le Moyne,REG (Non-Conf),W 95-53,*,22,3,10,.300,3,8,.375,0,2,.000,.450,2,2,1.000,0,2,2,4,0,0,1,3,11,6.4
,,,,,,,,51-60,106,3432,525,1207,.435,214,578,.370,311,629,.494,.524,236,275,.858,49,209,258,279,88,6,158,191,1500,9.0