,,,Round 1,Round 1,,Totals,Totals,Totals,Totals,Totals,Shooting,Shooting,Shooting,Per Game,Per Game,Per Game,Per Game,Advanced,Advanced,Advanced,Advanced
Rk,Pk,Tm,Player,College,Yrs,G,MP,PTS,TRB,AST,FG%,3P%,FT%,MP,PTS,TRB,AST,WS,WS/48,BPM,VORP
1,1,ATL,Zaccharie Risacher,,2,104,2551,1259,351,138,.459,.350,.704,24.5,12.1,3.4,1.3,2.5,.047,-3.4,-0.9
2,2,WAS,Alex Sarr,,2,87,2387,1232,601,221,.425,.318,.670,27.4,14.2,6.9,2.5,0.8,.015,-1.9,0.0
3,3,HOU,Reed Sheppard,Kentucky,2,80,1370,601,161,168,.409,.389,.780,17.1,7.5,2.0,2.1,3.3,.116,1.5,1.2
4,4,SAS,Stephon Castle,UConn,2,102,2802,1580,407,478,.446,.288,.722,27.5,15.5,4.0,4.7,2.9,.050,-1.9,0.1
5,5,DET,Ron Holland,,2,110,1873,767,329,127,.453,.242,.769,17.0,7.0,3.0,1.2,2.7,.069,-2.7,-0.3
6,6,CHO,Tidjane Salaün,,2,78,1536,480,351,90,.367,.315,.709,19.7,6.2,4.5,1.2,0.8,.026,-4.1,-0.8
7,7,POR,Donovan Clingan,UConn,2,94,2033,717,805,126,.530,.305,.622,21.6,7.6,8.6,1.3,6.5,.154,0.3,1.2
8,8,SAS,Rob Dillingham,Kentucky,2,74,781,312,82,147,.409,.327,.621,10.6,4.2,1.1,2.0,-0.2,-.009,-5.1,-0.6
9,9,MEM,Zach Edey,Purdue,2,77,1700,760,670,77,.589,.333,.723,22.1,9.9,8.7,1.0,5.8,.163,0.1,0.9
10,10,UTA,Cody Williams,Colorado,2,67,1270,274,131,70,.327,.236,.682,19.0,4.1,2.0,1.0,-1.5,-.058,-7.8,-1.8
11,11,CHI,Matas Buzelis,,2,110,2338,1114,435,122,.468,.359,.812,21.3,10.1,4.0,1.1,3.1,.064,-2.3,-0.2
12,12,OKC,Nikola Topić,,,,,,,,,,,,,,,,,,
13,13,SAC,Devin Carter,Providence,2,45,482,170,89,54,.361,.295,.647,10.7,3.8,2.0,1.2,0.3,.030,-3.2,-0.2
14,14,POR,Bub Carrington,Pitt,2,111,3246,1069,451,487,.401,.361,.776,29.2,9.6,4.1,4.4,0.0,.000,-4.7,-2.3
15,15,MIA,Kel'el Ware,Indiana,2,95,2190,978,806,77,.555,.383,.746,23.1,10.3,8.5,0.8,7.4,.162,0.9,1.6
16,16,PHI,Jared McCain,Duke,2,43,984,502,107,99,.420,.361,.867,22.9,11.7,2.5,2.3,0.8,.038,-1.7,0.1
17,17,LAL,Dalton Knecht,Tennessee,2,102,1831,840,260,78,.460,.369,.750,18.0,8.2,2.5,0.8,3.0,.080,-2.0,0.0
18,18,ORL,Tristan Da Silva,Colorado,2,101,2253,793,348,145,.420,.346,.857,22.3,7.9,3.4,1.4,3.4,.072,-2.1,-0.1
19,19,TOR,Ja'Kobe Walter,Baylor,2,81,1593,614,215,105,.413,.359,.776,19.7,7.6,2.7,1.3,2.0,.061,-2.6,-0.2
20,20,CLE,Jaylon Tyson,California,2,74,1196,520,242,96,.493,.416,.787,16.2,7.0,3.3,1.3,2.9,.118,-0.7,0.4
21,21,NOP,Yves Missi,Baylor,2,97,2372,795,723,124,.553,.000,.609,24.5,8.2,7.5,1.3,4.3,.087,-3.0,-0.6
22,22,PHO,DaRon Holmes,Dayton,1,2,4,3,0,0,1.000,1.000,,2.0,1.5,0.0,0.0,0.0,.191,11.5,0.0
23,23,MIL,AJ Johnson,,2,42,692,227,66,81,.367,.258,.854,16.5,5.4,1.6,1.9,-0.7,-.048,-8.7,-1.2
24,24,NYK,Kyshawn George,Miami (FL),2,95,2662,995,438,306,.407,.347,.747,28.0,10.5,4.6,3.2,0.4,.008,-3.4,-0.9
25,25,NYK,Pacome Dadiet,,2,29,147,34,25,9,.282,.250,.750,5.1,1.2,0.9,0.3,0.0,-.001,-6.6,-0.2
26,26,WAS,Dillon Jones,Weber State,1,54,552,135,121,58,.383,.254,.607,10.2,2.5,2.2,1.1,0.8,.067,-4.0,-0.3
27,27,MIN,Terrence Shannon Jr.,Illinois,2,54,621,238,75,46,.446,.382,.792,11.5,4.4,1.4,0.9,0.8,.063,-3.6,-0.3
28,28,DEN,Ryan Dunn,Virginia,2,99,1978,690,392,104,.435,.307,.559,20.0,7.0,4.0,1.1,2.0,.049,-3.2,-0.6
29,29,UTA,Isaiah Collier,USC,2,93,2336,796,280,588,.433,.263,.692,25.1,8.6,3.0,6.3,-0.4,-.007,-5.0,-1.8
30,30,BOS,Baylor Scheierman,Creighton,2,57,695,189,112,51,.401,.352,.769,12.2,3.3,2.0,0.9,1.4,.094,-1.7,0.1
31,31,TOR,Jonathan Mogbo,San Francisco,2,75,1347,402,326,152,.440,.243,.735,18.0,5.4,4.3,2.0,2.1,.074,-1.8,0.1
32,32,UTA,Kyle Filipowski,Duke,2,101,2183,973,629,202,.496,.346,.670,21.6,9.6,6.2,2.0,3.5,.076,-1.2,0.4
33,33,MIL,Tyler Smith,,1,23,122,67,25,4,.480,.433,.750,5.3,2.9,1.1,0.2,0.2,.083,-0.9,0.0
34,34,POR,Tyler Kolek,Marquette,2,67,630,217,74,144,.417,.320,.741,9.4,3.2,1.1,2.1,1.1,.087,-0.8,0.2
35,35,SAS,Johnny Furphy,Kansas,2,63,563,157,100,22,.412,.315,.733,8.9,2.5,1.6,0.3,0.7,.057,-3.2,-0.2
36,36,IND,Juan Nunez,,,,,,,,,,,,,,,,,,
37,37,MIN,Bobi Klintman,,2,14,95,32,23,11,.419,.313,.200,6.8,2.3,1.6,0.8,0.1,.057,-5.5,-0.1
38,38,NYK,Ajay Mitchell,UC Santa Barbara,2,65,1353,644,173,168,.480,.360,.868,20.8,9.9,2.7,2.6,4.1,.144,0.2,0.7
39,39,MEM,Jaylen Wells,Washington State,2,110,2897,1209,377,190,.427,.350,.812,26.3,11.0,3.4,1.7,4.9,.082,-2.1,-0.1
40,40,POR,Oso Ighodaro,Marquette,2,91,1599,404,345,123,.603,.000,.513,17.6,4.4,3.8,1.4,2.5,.075,-2.4,-0.1
41,41,PHI,Adem Bona,UCLA,2,79,1244,414,320,30,.669,.333,.657,15.7,5.2,4.1,0.4,2.9,.113,-2.9,-0.3
42,42,CHO,KJ Simpson,Colorado,2,50,1065,366,138,147,.346,.266,.773,21.3,7.3,2.8,2.9,-0.7,-.033,-5.5,-1.0
43,43,MIA,Nikola Djurisic,,,,,,,,,,,,,,,,,,
44,44,HOU,Pelle Larsson,Arizona,2,80,1337,481,158,146,.449,.347,.722,16.7,6.0,2.0,1.8,2.6,.095,-2.1,0.0
45,45,SAC,Jamal Shead,Houston,2,107,2111,735,175,486,.391,.325,.772,19.7,6.9,1.6,4.5,2.0,.045,-3.3,-0.7
46,46,LAC,Cam Christie,Minnesota,2,32,252,92,48,17,.333,.262,.676,7.9,2.9,1.5,0.5,0.1,.019,-3.5,-0.1
47,47,ORL,Antonio Reeves,Kentucky,2,50,713,326,68,41,.458,.403,.800,14.3,6.5,1.4,0.8,0.5,.035,-3.0,-0.2
48,48,SAS,Harrison Ingram,UNC,2,8,46,9,12,3,.571,.500,,5.8,1.1,1.5,0.4,0.1,.138,0.3,0.0
49,49,IND,Tristen Newton,UConn,1,8,16,3,4,2,.125,.000,1.000,2.0,0.4,0.5,0.3,-0.1,-.330,-20.7,-0.1
50,50,IND,Enrique Freeman,University of Akron,1,22,181,46,30,9,.432,.100,.684,8.2,2.1,1.4,0.4,0.2,.046,-6.3,-0.2
51,51,NYK,Melvin Ajinça,,,,,,,,,,,,,,,,,,
52,52,GSW,Quinten Post,Boston College,2,73,1268,581,286,103,.435,.370,.778,17.4,8.0,3.9,1.4,2.8,.106,0.0,0.7
53,53,DET,Cam Spencer,UConn,2,55,946,482,103,174,.480,.464,.938,17.2,8.8,1.9,3.2,3.5,.177,3.2,1.2
54,54,BOS,Anton Watson,Gonzaga,1,9,22,8,3,2,.444,.000,,2.4,0.9,0.3,0.2,0.0,-.070,-10.1,0.0
55,55,LAL,Bronny James,USC,2,43,319,91,28,44,.317,.286,.813,7.4,2.1,0.7,1.0,-0.3,-.042,-6.5,-0.4
56,56,PHO,Kevin McCullar Jr.,Kansas,2,7,35,9,9,2,.375,.500,1.000,5.0,1.3,1.3,0.3,0.0,.043,-5.1,0.0
57,57,MEM,Ulrich Chomche,,1,7,32,5,8,2,.400,,.500,4.6,0.7,1.1,0.3,0.0,.001,-7.4,0.0
58,58,DAL,Ariel Hukporti,,2,44,386,73,98,22,.600,,.520,8.8,1.7,2.2,0.5,0.3,.040,-4.8,-0.3
59,59,PHI,,,,,,,,,,,,,,,,,,,
60,60,PHO,,,,,,,,,,,,,,,,,,,