Rk,Player,Age,Team,Pos,G,GS,MP,FG,FGA,FG%,3P,3PA,3P%,2P,2PA,2P%,eFG%,FT,FTA,FT%,ORB,DRB,TRB,AST,STL,BLK,TOV,PF,PTS,Awards,Player-additional
1,Luka Dončić,26,LAL,PG,21,21,36.6,10.5,22.9,.458,3.4,10.6,.320,7.1,12.3,.578,.532,9.8,12.1,.807,0.9,7.8,8.6,8.8,1.6,0.5,4.2,2.5,34.1,,doncilu01
2,Shai Gilgeous-Alexander,27,OKC,PG,29,29,33.4,11.1,19.9,.557,2.2,5.1,.435,8.9,14.8,.599,.613,8.1,9.2,.884,0.5,4.3,4.8,6.6,1.5,0.8,2.0,2.1,32.5,,gilgesh01
3,Tyrese Maxey,25,PHI,PG,26,26,39.8,10.6,22.9,.461,3.7,9.3,.391,6.9,13.6,.510,.541,6.2,6.9,.889,0.3,4.2,4.5,6.9,1.8,0.8,2.7,2.3,31.0,,maxeyty01
4,Donovan Mitchell,29,CLE,SG,28,28,34.0,10.7,21.4,.500,4.0,10.4,.388,6.6,11.0,.606,.594,5.2,6.1,.848,0.9,3.6,4.5,5.4,1.3,0.3,3.3,2.5,30.6,,mitchdo01
5,Jaylen Brown,29,BOS,SF,27,27,33.7,10.7,21.5,.497,2.1,5.7,.364,8.6,15.8,.546,.546,5.9,7.6,.780,1.2,5.1,6.4,4.9,1.1,0.5,3.6,3.0,29.4,,brownja02
6,Jalen Brunson,29,NYK,PG,26,26,35.2,10.3,21.3,.482,2.8,7.6,.374,7.4,13.7,.542,.549,5.7,6.8,.847,0.7,2.7,3.4,6.6,0.8,0.1,2.2,2.5,29.1,,brunsja01
7,Giannis Antetokounmpo,31,MIL,PF,17,17,29.1,11.1,17.3,.639,0.6,1.4,.435,10.5,15.9,.657,.656,6.2,9.8,.635,3.3,6.8,10.1,6.1,0.9,0.9,3.3,2.8,28.9,,antetgi01
8,Nikola Jokić,30,DEN,C,29,29,34.7,10.5,17.3,.604,2.1,5.0,.431,8.3,12.4,.674,.666,5.8,6.9,.839,2.9,9.1,12.0,10.9,1.5,0.8,3.5,2.9,28.9,,jokicni01
9,Stephen Curry,37,GSW,PG,21,21,31.6,9.4,20.0,.473,4.9,12.3,.398,4.5,7.6,.594,.595,4.9,5.4,.912,0.5,3.8,4.2,4.3,1.3,0.5,3.0,2.0,28.7,,curryst01
10,Anthony Edwards,24,MIN,SG,23,23,34.9,9.7,19.9,.490,3.3,8.2,.404,6.4,11.7,.550,.573,6.0,7.3,.815,0.8,4.3,5.0,3.8,1.3,0.9,2.8,2.0,28.7,,edwaran01
11,Lauri Markkanen,28,UTA,PF,25,25,35.4,9.3,19.8,.471,2.9,8.3,.346,6.4,11.5,.561,.543,6.2,7.0,.897,2.1,5.0,7.1,2.1,0.9,0.4,1.4,1.9,27.8,,markkla01
12,Austin Reaves,27,LAL,SG,22,21,36.2,8.4,16.6,.504,2.7,7.5,.364,5.6,9.1,.620,.586,7.8,9.0,.873,0.7,4.7,5.4,6.5,1.0,0.2,3.3,2.4,27.3,,reaveau01
13,Cade Cunningham,24,DET,PG,27,27,35.9,9.3,20.3,.459,2.0,6.2,.321,7.3,14.0,.520,.508,5.8,7.0,.825,1.3,5.1,6.4,9.4,1.6,0.7,3.9,3.4,26.4,,cunnica01
14,Kawhi Leonard,34,LAC,SF,19,19,33.3,9.4,19.1,.492,2.3,6.3,.370,7.1,12.8,.551,.552,5.0,5.1,.979,1.1,5.1,6.2,3.3,1.9,0.4,1.9,1.6,26.1,,leonaka01
15,James Harden,36,LAC,PG,27,27,35.6,7.5,17.2,.435,3.6,9.5,.374,3.9,7.7,.512,.539,7.4,8.4,.885,0.6,4.6,5.1,8.1,1.4,0.4,3.9,2.1,26.0,,hardeja01
16,Michael Porter Jr.,27,BRK,SF,24,24,32.8,9.2,18.7,.491,3.7,9.3,.401,5.5,9.4,.580,.590,3.7,4.5,.815,1.2,6.2,7.3,3.2,0.9,0.2,2.3,2.3,25.7,,portemi01
17,Deni Avdija,25,POR,SF,30,30,34.9,7.7,16.5,.464,2.3,6.4,.366,5.3,10.2,.525,.534,7.8,9.7,.804,1.0,6.0,7.1,6.6,0.7,0.6,3.7,3.1,25.5,,avdijde01
18,Devin Booker,29,PHO,SG,26,26,34.2,8.3,18.0,.458,1.7,5.5,.299,6.6,12.5,.529,.504,7.2,8.3,.866,0.9,3.2,4.1,6.6,1.0,0.4,3.5,2.8,25.4,,bookede01
19,Kevin Durant,37,HOU,SF,25,25,36.4,8.6,17.0,.509,2.0,4.8,.429,6.6,12.2,.541,.570,5.9,6.6,.896,0.3,4.7,5.0,4.0,0.8,1.0,3.1,2.4,25.2,,duranke01
20,Jamal Murray,28,DEN,PG,28,28,34.8,8.9,17.8,.499,3.4,7.4,.457,5.5,10.3,.529,.595,4.0,4.5,.889,0.4,4.1,4.4,6.9,1.1,0.3,2.3,1.5,25.1,,murraja01
21,Keyonte George,22,UTA,PG,29,29,34.2,7.3,16.4,.448,2.4,6.8,.362,4.9,9.6,.509,.523,6.7,7.4,.907,0.5,3.6,4.1,6.8,0.9,0.3,3.4,2.6,23.9,,georgke01
22,Jalen Johnson,24,ATL,SF,28,28,35.3,8.7,16.6,.523,1.6,4.3,.378,7.1,12.4,.572,.571,4.8,5.9,.823,1.5,8.9,10.5,8.3,1.5,0.4,3.5,2.2,23.8,,johnsja05
23,Norman Powell,32,MIA,SG,25,25,31.4,7.8,16.4,.478,2.9,7.1,.407,5.0,9.3,.532,.566,5.2,6.1,.849,0.4,3.6,3.9,2.6,1.3,0.2,1.9,2.4,23.7,,powelno01
24,Victor Wembanyama,22,SAS,C,17,12,30.6,8.5,16.5,.514,1.5,4.1,.357,7.0,12.4,.567,.559,5.3,6.5,.818,2.1,9.7,11.8,3.6,0.9,3.1,3.4,3.1,23.7,,wembavi01
25,Pascal Siakam,31,IND,PF,29,29,34.1,8.6,18.0,.475,1.8,4.8,.370,6.8,13.2,.513,.524,4.7,6.8,.685,1.7,5.1,6.8,3.9,1.2,0.4,2.0,2.7,23.5,,siakapa01
26,Tyler Herro,26,MIA,SG,6,6,31.8,8.3,16.5,.505,2.5,6.2,.405,5.8,10.3,.565,.581,4.0,4.3,.923,0.5,4.5,5.0,2.3,1.0,0.5,1.2,1.5,23.2,,herroty01
27,Alperen Şengün,23,HOU,C,25,25,35.8,8.8,17.4,.505,0.8,2.5,.317,8.0,14.9,.536,.528,4.6,6.4,.730,3.1,6.2,9.3,6.9,1.5,1.0,3.4,3.5,23.0,,sengual01
28,Franz Wagner,24,ORL,SF,24,24,33.4,7.8,15.9,.490,1.5,4.2,.360,6.3,11.8,.535,.537,5.6,6.8,.823,1.5,4.6,6.1,3.7,1.2,0.4,1.8,2.2,22.7,,wagnefr01
29,Julius Randle,31,MIN,PF,30,30,33.8,7.6,15.7,.482,1.6,4.9,.329,6.0,10.8,.551,.533,5.8,7.1,.822,1.7,5.5,7.2,5.5,1.1,0.1,2.7,2.7,22.6,,randlju01
30,Karl-Anthony Towns,30,NYK,C,27,27,33.1,7.3,15.3,.477,1.8,5.0,.360,5.5,10.3,.534,.536,5.9,6.8,.863,3.0,8.6,11.7,3.0,0.9,0.7,2.6,3.5,22.3,,townska01
31,Shaedon Sharpe,22,POR,SG,26,20,29.2,8.2,17.7,.462,1.9,6.0,.318,6.3,11.7,.536,.516,3.8,4.9,.766,1.2,3.2,4.4,2.4,1.6,0.2,3.2,2.3,22.1,,sharpsh01
32,Dillon Brooks,30,PHO,SF,23,23,30.6,8.1,17.4,.464,2.5,7.2,.343,5.6,10.2,.549,.535,3.2,3.9,.820,0.8,2.3,3.1,1.7,1.3,0.1,2.2,3.6,21.8,,brookdi01
33,Zion Williamson,25,NOP,PF,15,10,28.4,7.5,14.1,.531,0.0,0.2,.000,7.5,13.9,.538,.531,6.9,9.1,.757,2.5,3.3,5.7,3.5,1.2,0.4,2.7,2.1,21.8,,willizi01
34,Anthony Davis,32,DAL,PF,15,15,31.2,9.1,17.3,.525,0.7,2.1,.323,8.4,15.2,.553,.544,2.9,3.9,.741,3.5,7.9,11.4,3.0,1.3,1.5,1.9,2.4,21.7,,davisan02
35,Brandon Ingram,28,TOR,SF,31,31,34.1,8.0,17.1,.471,1.8,4.9,.368,6.2,12.2,.512,.524,3.8,4.7,.814,0.7,5.1,5.8,3.8,0.8,0.6,3.1,2.0,21.7,,ingrabr01
36,De'Aaron Fox,28,SAS,PG,21,21,32.0,7.6,16.1,.473,2.3,6.1,.383,5.3,10.0,.529,.546,4.0,5.0,.800,0.8,3.0,3.8,6.2,1.3,0.3,2.8,2.4,21.6,,foxde01
37,Cam Thomas,24,BRK,SG,8,8,28.3,6.6,16.5,.402,2.0,5.6,.356,4.6,10.9,.425,.462,6.1,7.0,.875,0.4,1.0,1.4,2.6,0.5,0.1,2.0,1.9,21.4,,thomaca02
38,Coby White,25,CHI,SG,13,11,29.6,6.7,14.9,.448,2.3,7.2,.319,4.4,7.7,.570,.526,5.7,7.2,.796,0.4,2.8,3.2,5.1,0.8,0.0,3.2,2.3,21.4,,whiteco01
39,Joel Embiid,31,PHI,C,12,12,26.6,6.9,15.9,.435,1.1,4.5,.241,5.8,11.4,.511,.469,6.1,7.4,.820,1.8,4.8,6.6,2.9,0.8,1.3,2.5,2.3,21.0,,embiijo01
40,Miles Bridges,27,CHO,PF,30,30,34.4,7.2,16.8,.429,2.3,7.3,.318,4.9,9.4,.516,.499,3.8,4.6,.839,0.9,5.2,6.1,3.9,0.6,0.5,1.5,1.9,20.6,,bridgmi02
41,Trey Murphy III,25,NOP,SF,29,29,35.3,7.2,14.7,.494,2.6,7.0,.366,4.7,7.7,.610,.581,3.6,3.9,.912,1.4,4.8,6.2,3.6,1.7,0.2,1.9,2.1,20.6,,murphtr02
42,Paolo Banchero,23,ORL,PF,20,20,32.9,6.5,14.9,.436,0.9,3.8,.237,5.6,11.1,.505,.466,6.6,8.6,.772,1.0,7.5,8.5,4.5,0.6,0.7,2.6,2.3,20.5,,banchpa01
43,LeBron James,41,LAL,SF,12,12,33.3,7.5,15.6,.481,1.5,4.8,.310,6.0,10.8,.558,.529,3.9,5.9,.662,0.8,4.6,5.3,7.0,0.8,0.7,2.4,1.4,20.4,,jamesle01
44,Kevin Porter Jr.,25,MIL,PG,11,11,31.8,6.7,13.5,.500,2.6,5.5,.483,4.1,8.0,.511,.598,4.3,5.1,.839,0.7,4.2,4.9,7.5,2.4,0.4,3.4,2.3,20.4,,porteke02
45,Nickeil Alexander-Walker,27,ATL,SG,29,24,32.7,7.0,15.4,.452,2.8,7.5,.373,4.2,7.9,.526,.543,3.6,4.2,.854,0.8,2.7,3.5,3.3,0.9,0.7,2.2,2.2,20.3,,alexani01
46,Zach LaVine,30,SAC,SG,23,23,32.8,7.2,14.7,.487,2.7,7.0,.385,4.5,7.7,.579,.578,3.1,3.6,.867,0.3,2.7,3.0,2.3,0.7,0.2,2.2,2.2,20.2,,lavinza01
47,Josh Giddey,23,CHI,PG,27,27,33.6,7.0,14.7,.479,2.0,4.9,.402,5.1,9.8,.517,.545,4.0,5.4,.745,1.2,8.1,9.3,9.1,1.0,0.4,3.6,1.9,20.0,,giddejo01
48,Jerami Grant,31,POR,PF,26,14,30.3,6.0,13.8,.436,2.5,6.4,.389,3.5,7.3,.476,.527,5.5,6.3,.866,1.2,2.9,4.0,2.7,0.7,0.6,2.2,3.0,20.0,,grantje01
49,Jimmy Butler,36,GSW,SF,26,26,31.4,6.2,11.9,.523,0.9,2.0,.453,5.3,9.9,.537,.561,6.5,7.6,.854,2.2,3.3,5.5,4.7,1.5,0.3,1.4,1.3,19.9,,butleji01
50,LaMelo Ball,24,CHO,PG,20,20,28.3,6.8,16.8,.403,3.0,8.7,.339,3.8,8.1,.472,.491,3.2,3.6,.875,1.0,4.4,5.4,8.7,1.1,0.3,3.4,3.1,19.6,,ballla01
51,RJ Barrett,25,TOR,SF,17,17,30.9,7.1,13.9,.506,1.8,5.1,.356,5.2,8.8,.593,.572,3.4,4.7,.725,0.7,4.1,4.8,3.8,0.8,0.2,1.5,2.6,19.4,,barrerj01
52,Kon Knueppel,20,CHO,SF,30,29,33.7,6.7,14.2,.474,3.6,8.7,.419,3.1,5.5,.560,.602,2.3,2.5,.895,0.9,4.3,5.2,3.5,0.7,0.2,2.4,2.3,19.4,,knuepko01
53,Scottie Barnes,24,TOR,PF,31,31,33.9,7.5,14.9,.504,1.3,3.5,.364,6.2,11.4,.548,.548,3.0,3.6,.823,2.1,5.9,8.0,5.0,1.3,1.6,2.6,2.9,19.3,,barnesc01
54,Trae Young,27,ATL,PG,8,8,27.1,5.8,13.8,.418,1.6,5.9,.277,4.1,7.9,.524,.477,6.1,7.4,.831,0.0,1.6,1.6,9.1,0.9,0.1,2.0,1.9,19.3,,youngtr01
55,Cooper Flagg,19,DAL,SF,30,30,34.5,7.3,14.9,.487,0.9,3.4,.267,6.4,11.6,.550,.517,3.7,4.6,.806,1.2,5.2,6.4,3.8,1.2,0.8,2.1,2.3,19.2,,flaggco01
56,Kristaps Porziņģis,30,ATL,C,13,12,25.9,6.4,12.8,.497,1.8,5.1,.364,4.5,7.8,.584,.569,4.5,5.3,.855,1.5,4.2,5.6,3.1,0.5,1.6,0.9,3.4,19.2,,porzikr01
57,Desmond Bane,27,ORL,SG,30,30,33.8,6.9,15.4,.450,1.9,5.1,.366,5.1,10.3,.492,.511,3.4,3.7,.927,1.2,3.2,4.4,4.6,0.8,0.5,2.2,3.1,19.1,,banede01
58,Evan Mobley,24,CLE,PF,25,25,34.2,7.0,14.1,.496,1.5,4.3,.352,5.5,9.8,.559,.550,3.6,5.6,.640,2.6,6.7,9.3,4.1,1.0,1.6,2.2,2.4,19.1,,mobleev01
59,DeMar DeRozan,36,SAC,PF,30,30,33.5,6.8,13.3,.513,0.8,2.2,.379,6.0,11.1,.539,.544,4.5,5.1,.895,0.5,2.7,3.3,3.6,1.4,0.2,1.0,2.1,19.0,,derozde01
60,Aaron Gordon,30,DEN,PF,13,13,28.3,6.3,11.8,.532,2.2,4.8,.444,4.2,7.0,.593,.623,4.0,4.6,.867,1.5,4.5,5.9,1.3,0.8,0.2,1.4,1.8,18.8,,gordoaa01
61,Stephon Castle,21,SAS,PG,20,20,30.4,6.3,12.5,.506,1.3,4.1,.305,5.1,8.4,.605,.556,4.7,6.5,.723,1.3,4.0,5.3,7.0,1.3,0.4,3.8,3.3,18.6,,castlst01
62,CJ McCollum,34,WAS,SG,28,28,30.9,6.7,15.3,.439,2.9,7.3,.394,3.9,8.0,.480,.533,2.4,3.0,.786,0.6,2.8,3.4,3.5,0.8,0.3,1.5,2.2,18.6,,mccolcj01
63,Jalen Duren,22,DET,C,27,27,29.0,7.1,11.2,.632,0.0,0.0,,7.1,11.2,.632,.632,4.4,6.0,.724,4.4,6.7,11.1,1.8,0.9,1.0,2.2,3.3,18.5,,durenja01
64,Bennedict Mathurin,23,IND,SF,19,19,32.8,5.8,13.7,.421,2.3,6.3,.367,3.5,7.4,.468,.506,4.5,5.3,.860,0.9,4.8,5.7,2.1,0.7,0.2,2.4,2.9,18.4,,mathube01
65,Alex Sarr,20,WAS,C,19,19,28.9,7.5,14.8,.505,1.2,3.2,.361,6.3,11.6,.545,.544,2.2,3.4,.646,2.6,6.0,8.6,3.1,0.7,2.0,1.8,2.0,18.3,,sarral01
66,Derrick White,31,BOS,SG,28,28,33.3,6.3,15.8,.398,3.4,9.5,.355,2.9,6.3,.463,.505,2.3,2.7,.855,0.8,3.4,4.2,5.1,1.3,1.3,1.9,1.8,18.3,,whitede01
67,Chet Holmgren,23,OKC,PF,25,25,28.6,6.8,12.0,.563,1.5,3.8,.394,5.3,8.2,.641,.625,3.2,4.0,.808,1.4,6.3,7.6,1.6,0.6,1.4,1.8,2.9,18.2,,holmgch01
68,Brandon Miller,23,CHO,SF,14,14,28.9,6.4,16.1,.394,2.6,7.7,.333,3.8,8.4,.449,.473,2.9,3.4,.851,1.1,2.9,3.9,3.6,1.0,1.2,2.4,2.7,18.1,,millebr02
69,Jalen Williams,24,OKC,SG,11,11,29.7,7.0,15.3,.458,1.1,3.2,.343,5.9,12.1,.489,.494,3.0,3.3,.917,0.7,4.5,5.3,5.3,1.5,0.5,1.9,2.1,18.1,,willija06
70,Bam Adebayo,28,MIA,C,24,24,31.4,6.5,14.0,.466,1.4,4.4,.314,5.1,9.6,.535,.515,3.6,4.8,.754,1.5,8.0,9.5,2.4,1.0,0.9,1.9,1.7,18.0,,adebaba01
71,Jaren Jackson Jr.,26,MEM,C,28,28,29.7,6.6,13.8,.477,1.6,4.5,.365,4.9,9.3,.531,.536,3.0,4.0,.766,0.8,4.5,5.3,2.0,0.9,1.3,2.1,3.9,17.8,,jacksja02
72,Ja Morant,26,MEM,PG,14,14,28.0,5.8,16.2,.357,0.9,4.8,.194,4.9,11.4,.425,.385,5.2,5.6,.924,0.5,3.0,3.5,7.5,0.9,0.2,3.6,2.1,17.7,,moranja01
73,Amen Thompson,23,HOU,PG,27,27,37.0,6.9,13.7,.504,0.4,1.9,.192,6.6,11.8,.555,.518,3.4,4.3,.784,2.7,4.6,7.3,5.3,1.4,0.5,2.6,2.5,17.6,,thompam01
74,Andrew Nembhard,26,IND,PG,22,22,31.6,5.8,13.8,.421,1.7,5.0,.349,4.1,8.9,.462,.484,4.0,4.8,.840,0.4,1.9,2.3,6.4,0.8,0.1,2.3,2.5,17.4,,nembhan01
75,Ryan Rollins,23,MIL,PG,30,26,31.3,6.7,14.0,.479,2.2,5.8,.387,4.5,8.2,.543,.558,1.5,2.0,.767,0.7,3.4,4.1,5.8,1.6,0.4,2.5,2.7,17.2,,rolliry01
76,Domantas Sabonis,29,SAC,C,11,11,33.2,6.7,13.2,.510,0.4,1.8,.200,6.4,11.4,.560,.524,3.4,4.6,.725,3.4,8.9,12.3,3.7,1.2,0.2,2.5,4.0,17.2,,sabondo01
77,Darius Garland,26,CLE,PG,15,15,30.1,5.8,14.6,.397,2.4,6.8,.353,3.4,7.8,.436,.479,3.1,3.5,.887,0.7,2.2,2.9,6.9,0.8,0.1,2.9,1.8,17.1,,garlada01
78,Mikal Bridges,29,NYK,SF,29,29,35.2,6.8,12.9,.525,2.4,5.7,.421,4.4,7.2,.608,.618,1.1,1.4,.775,1.1,3.5,4.6,4.1,1.7,1.0,1.0,2.1,17.0,,bridgmi01
79,Jordan Poole,26,NOP,PG,12,4,29.1,5.2,14.0,.369,2.5,8.4,.297,2.7,5.6,.478,.458,4.2,4.4,.943,0.3,1.4,1.7,3.3,0.7,0.3,1.9,2.4,17.0,,poolejo01
80,Kelly Oubre Jr.,30,PHI,SF,12,12,34.8,6.2,12.4,.497,1.9,5.6,.343,4.3,6.8,.622,.574,2.5,3.2,.789,1.2,3.9,5.1,1.3,1.1,0.8,1.5,2.7,16.8,,oubreke01
81,Payton Pritchard,28,BOS,PG,29,29,32.4,6.2,14.1,.439,2.7,8.0,.333,3.5,6.1,.576,.533,1.8,2.0,.864,1.1,3.2,4.3,5.2,0.8,0.1,1.2,1.6,16.8,,pritcpa01
82,Jrue Holiday,35,POR,PG,12,12,33.4,6.2,13.8,.446,2.6,7.1,.365,3.6,6.8,.531,.539,1.8,2.1,.840,1.3,3.9,5.3,8.3,1.6,0.3,2.9,2.0,16.7,,holidjr01
83,Paul George,35,PHI,PF,12,12,27.3,5.3,12.8,.418,2.4,6.1,.397,2.9,6.7,.438,.513,3.3,3.8,.870,0.3,4.7,5.0,3.3,1.6,0.5,1.8,1.8,16.4,,georgpa01
84,Grayson Allen,30,PHO,SG,18,18,31.1,5.6,12.9,.431,3.2,8.2,.392,2.3,4.7,.500,.556,2.0,2.5,.800,0.5,2.2,2.7,4.1,1.7,0.2,1.7,2.4,16.3,,allengr01
85,Nikola Vučević,35,CHI,C,28,28,30.1,6.6,13.4,.489,1.8,4.9,.365,4.8,8.5,.561,.556,1.2,1.5,.791,2.2,7.0,9.2,3.5,0.8,0.4,1.5,2.1,16.1,,vucevni01
86,VJ Edgecombe,20,PHI,SG,24,24,35.1,6.0,13.8,.432,2.1,5.5,.383,3.8,8.3,.465,.509,2.0,2.5,.783,1.8,3.7,5.5,4.0,1.3,0.5,1.7,3.3,16.0,,edgecvj01
87,Jaime Jaquez Jr.,24,MIA,SF,29,1,29.8,6.4,12.4,.518,0.4,1.7,.245,6.0,10.8,.561,.535,2.6,3.4,.758,1.3,4.2,5.5,4.7,0.7,0.2,2.3,2.2,15.9,,jaqueja01
88,Immanuel Quickley,26,TOR,PG,30,30,32.3,5.7,12.9,.442,2.4,6.8,.350,3.3,6.1,.543,.534,2.1,2.7,.775,0.5,3.8,4.3,6.4,1.1,0.1,1.8,2.1,15.8,,quickim01
89,Devin Vassell,25,SAS,SG,29,29,31.8,5.5,12.8,.432,2.8,7.0,.397,2.7,5.7,.476,.542,1.9,2.2,.889,0.5,3.6,4.1,2.5,1.0,0.5,1.0,2.1,15.8,,vassede01
90,Andrew Wiggins,30,MIA,SF,26,26,32.5,6.2,13.2,.468,1.8,4.7,.388,4.3,8.5,.511,.537,1.7,2.4,.714,1.5,3.2,4.7,2.8,1.0,1.1,1.8,2.3,15.8,,wiggian01
91,Onyeka Okongwu,25,ATL,C,30,19,31.5,6.0,12.2,.490,1.8,5.1,.346,4.2,7.1,.594,.563,2.0,2.6,.769,1.7,5.7,7.4,3.2,1.0,1.1,1.9,3.5,15.7,,okongon01
92,Jabari Smith Jr.,22,HOU,PF,26,26,34.5,5.6,12.5,.449,2.3,6.2,.370,3.3,6.3,.528,.542,2.1,2.7,.775,1.4,5.3,6.8,2.0,0.7,0.7,1.5,3.1,15.7,,smithja05
93,P.J. Washington,27,DAL,PF,25,25,31.9,5.8,12.8,.455,1.5,4.5,.339,4.3,8.4,.517,.514,2.5,3.6,.681,1.6,6.3,7.9,2.0,1.0,1.4,2.4,2.6,15.7,,washipj01
94,Ivica Zubac,28,LAC,C,28,28,32.0,6.8,11.1,.609,0.0,0.0,,6.8,11.1,.609,.609,2.0,2.9,.713,3.4,7.7,11.1,2.5,0.4,1.0,2.0,2.5,15.6,,zubaciv01
95,OG Anunoby,28,NYK,PF,19,19,31.5,5.6,11.9,.467,2.3,6.1,.383,3.3,5.9,.554,.564,2.1,2.7,.765,1.3,3.8,5.1,1.9,1.8,0.7,2.1,2.5,15.5,,anunoog01
96,Jalen Green,23,PHO,SG,2,2,15.0,5.5,11.5,.478,3.0,7.0,.429,2.5,4.5,.556,.609,1.5,2.5,.600,1.0,1.0,2.0,2.0,1.0,0.0,1.0,1.0,15.5,,greenja05
97,Aaron Nesmith,26,IND,SF,11,11,30.5,4.9,13.4,.367,2.8,7.5,.373,2.1,5.8,.359,.473,2.8,3.5,.795,1.5,2.9,4.5,1.5,0.8,0.3,0.7,2.5,15.5,,nesmiaa01
98,Collin Sexton,27,CHO,SG,22,10,24.8,5.1,10.5,.483,1.3,3.4,.373,3.8,7.1,.535,.543,3.9,4.4,.887,0.5,1.7,2.2,4.1,0.7,0.2,2.4,1.8,15.4,,sextoco01
99,Jalen Suggs,24,ORL,PG,21,21,25.6,5.4,11.4,.471,2.0,6.1,.328,3.4,5.3,.634,.558,2.7,3.1,.862,0.8,3.0,3.7,4.8,1.9,0.6,2.7,3.0,15.4,,suggsja01
100,Quentin Grimes,25,PHI,SG,26,7,32.5,4.9,11.3,.431,2.3,6.3,.360,2.6,5.0,.519,.531,3.3,3.8,.869,0.7,3.3,4.0,4.4,1.0,0.4,2.5,1.9,15.3,,grimequ01
101,De'Andre Hunter,28,CLE,SF,27,23,28.2,5.2,12.0,.434,1.9,6.1,.311,3.3,6.0,.559,.512,3.0,3.5,.853,0.7,3.5,4.2,2.1,0.7,0.1,1.6,2.8,15.3,,huntede01
102,Deandre Ayton,27,LAL,C,24,24,29.3,7.1,10.0,.711,0.0,0.0,,7.1,10.0,.711,.711,1.0,1.6,.615,2.9,6.1,9.0,0.9,0.9,1.0,2.0,2.7,15.2,,aytonde01
103,Jaden McDaniels,25,MIN,PF,28,28,32.3,5.8,11.6,.495,1.4,3.6,.400,4.3,8.0,.538,.557,2.1,2.4,.868,1.2,3.4,4.6,2.6,1.1,0.9,1.8,3.5,15.0,,mcdanja02
104,Keegan Murray,25,SAC,PF,15,14,37.1,5.9,13.5,.438,1.3,5.1,.263,4.6,8.5,.543,.488,1.7,2.3,.765,1.7,4.7,6.4,1.5,1.5,1.7,1.1,2.1,14.9,,murrake02
105,Saddiq Bey,26,NOP,SF,30,22,29.4,5.4,11.9,.450,1.7,5.1,.329,3.7,6.9,.539,.520,2.4,3.0,.802,1.7,4.3,6.0,2.2,0.9,0.1,0.6,1.0,14.8,,beysa01
106,Jeremiah Fears,19,NOP,PG,31,29,27.1,5.5,12.7,.437,1.1,3.1,.351,4.5,9.6,.465,.480,2.6,3.4,.788,0.7,2.8,3.5,3.2,1.3,0.1,2.3,1.9,14.8,,fearsje01
107,Kyshawn George,22,WAS,SF,26,26,32.0,5.3,11.6,.457,2.2,5.5,.401,3.1,6.2,.506,.551,1.9,2.5,.742,0.9,4.8,5.7,5.2,1.1,0.9,3.2,4.2,14.7,,georgky01
108,Santi Aldama,25,MEM,PF,30,6,27.4,5.5,11.4,.484,1.7,4.8,.354,3.8,6.6,.579,.559,1.7,2.5,.658,1.5,5.0,6.6,3.0,0.9,0.6,1.2,1.5,14.4,,aldamsa01
109,Ayo Dosunmu,26,CHI,SG,23,7,26.2,5.2,10.1,.515,1.8,3.9,.456,3.4,6.2,.552,.603,2.2,2.6,.847,0.4,2.0,2.5,3.0,0.5,0.2,1.3,1.7,14.4,,dosunay01
110,Walker Kessler,24,UTA,C,5,5,30.8,5.2,7.4,.703,1.2,1.6,.750,4.0,5.8,.690,.784,2.8,4.0,.700,4.6,6.2,10.8,3.0,1.4,1.8,3.2,4.4,14.4,,kesslwa01
111,Russell Westbrook,37,SAC,SF,30,24,29.3,5.4,12.5,.428,1.9,5.3,.350,3.5,7.2,.486,.503,1.8,2.8,.647,1.6,5.3,6.9,7.2,1.5,0.1,3.2,2.5,14.4,,westbru01
112,Matas Buzelis,21,CHI,PF,29,29,27.8,5.2,10.5,.500,1.6,4.6,.356,3.6,5.9,.610,.577,2.2,2.8,.802,1.0,4.1,5.1,1.5,0.9,1.4,1.7,2.7,14.3,,buzelma01
113,Ajay Mitchell,23,OKC,SG,29,7,26.1,5.1,10.8,.471,1.1,3.1,.344,4.0,7.7,.522,.521,2.9,3.2,.883,0.7,3.0,3.6,3.6,1.4,0.3,1.6,2.2,14.1,,mitchaj01
114,Anthony Black,22,ORL,PG,30,10,29.4,5.1,11.4,.447,1.2,3.9,.316,3.9,7.5,.516,.501,2.6,3.8,.684,0.8,3.4,4.2,3.4,1.3,0.6,2.2,2.6,14.0,,blackan01
115,Tobias Harris,33,DET,PF,20,20,28.9,5.1,11.2,.451,1.5,4.3,.341,3.6,7.0,.518,.516,2.5,3.0,.831,1.1,3.8,4.9,2.6,0.6,0.3,1.0,2.2,14.0,,harrito02
116,Obi Toppin,27,IND,PF,3,0,27.3,5.0,12.0,.417,1.0,5.7,.176,4.0,6.3,.632,.458,3.0,3.0,1.000,1.0,5.7,6.7,1.7,1.0,0.0,2.0,2.3,14.0,,toppiob01
117,Jarrett Allen,27,CLE,C,20,20,25.9,5.4,9.1,.593,0.1,0.3,.200,5.4,8.9,.605,.596,3.1,4.0,.772,2.2,5.3,7.5,2.1,1.0,0.9,1.6,1.8,13.9,,allenja01
118,Donte DiVincenzo,29,MIN,SG,30,30,31.7,4.5,10.8,.418,3.1,8.1,.385,1.4,2.7,.519,.563,1.7,2.3,.754,1.0,3.3,4.3,3.8,1.2,0.5,1.3,2.4,13.9,,divindo01
119,Sam Merrill,29,CLE,SG,14,9,25.9,4.5,9.6,.467,3.6,8.1,.442,0.9,1.6,.591,.652,1.2,1.3,.944,0.8,1.5,2.3,2.8,0.6,0.2,0.8,2.6,13.8,,merrisa01
120,Naz Reid,26,MIN,C,30,0,26.7,5.2,11.5,.449,2.3,6.4,.363,2.8,5.1,.559,.551,1.1,1.4,.762,1.1,5.2,6.3,2.4,1.1,0.9,1.5,2.6,13.7,,reidna01
121,Nic Claxton,26,BRK,C,28,28,30.1,5.3,9.2,.576,0.0,0.4,.091,5.3,8.8,.598,.578,3.0,4.3,.692,2.8,5.1,7.8,4.4,0.7,1.3,1.5,2.2,13.6,,claxtni01
122,Zach Edey,23,MEM,C,11,11,25.8,5.6,8.9,.633,0.1,0.5,.200,5.5,8.5,.656,.638,2.3,2.9,.781,3.9,7.2,11.1,1.1,0.6,1.9,2.4,3.4,13.6,,edeyza01
123,Cedric Coward,22,MEM,SG,29,16,27.1,4.9,10.5,.464,1.4,4.5,.321,3.4,6.0,.572,.533,2.3,2.9,.819,1.5,4.8,6.2,2.9,0.6,0.3,1.6,2.0,13.5,,cowarce01
124,Kyle Kuzma,30,MIL,PF,28,14,26.7,5.1,10.0,.513,0.9,2.6,.324,4.3,7.3,.580,.556,2.4,3.2,.744,0.9,3.9,4.9,2.2,0.8,0.5,1.8,2.5,13.5,,kuzmaky01
125,Noah Clowney,21,BRK,PF,28,22,28.2,4.0,9.9,.401,2.3,6.6,.344,1.7,3.3,.516,.516,3.1,3.9,.815,0.8,3.1,3.9,1.9,0.7,0.9,1.8,2.8,13.4,,clownno01
126,Naji Marshall,28,DAL,SF,31,12,28.5,4.7,8.6,.545,0.9,3.0,.315,3.8,5.7,.665,.599,3.0,3.7,.816,0.9,3.9,4.8,2.6,1.1,0.1,1.2,2.1,13.4,,marshna01
127,Derik Queen,21,NOP,C,31,19,25.9,5.1,9.9,.516,0.2,0.8,.192,4.9,9.0,.546,.525,3.1,3.8,.798,1.5,5.3,6.8,4.1,1.0,0.8,2.3,3.3,13.4,,queende01
128,Collin Gillespie,26,PHO,PG,29,10,27.9,4.7,10.7,.437,2.8,6.7,.415,1.9,3.9,.474,.568,1.2,1.4,.875,1.0,2.9,3.9,4.9,1.3,0.3,1.8,1.5,13.3,,gilleco01
129,Rui Hachimura,27,LAL,PF,25,25,32.9,5.2,9.6,.535,1.9,4.1,.456,3.3,5.5,.594,.633,1.1,1.4,.750,0.8,3.0,3.8,0.9,0.5,0.2,0.9,1.8,13.3,,hachiru01
130,Reed Sheppard,21,HOU,SG,27,4,25.8,4.9,10.7,.453,2.7,6.2,.435,2.1,4.5,.479,.580,0.9,1.1,.774,0.3,2.7,3.0,3.4,1.5,0.6,1.2,2.1,13.3,,sheppre01
131,Dennis Schröder,32,SAC,PG,23,12,28.5,4.5,11.2,.405,1.6,4.5,.350,3.0,6.7,.442,.475,2.5,3.0,.826,0.6,3.0,3.6,5.9,0.7,0.2,2.0,1.8,13.1,,schrode01
132,Keldon Johnson,26,SAS,SF,29,0,23.2,5.0,8.7,.578,1.1,2.8,.390,3.9,5.8,.669,.641,1.9,2.5,.753,2.1,4.2,6.3,1.6,0.7,0.1,0.9,2.0,13.0,,johnske04
133,Anfernee Simons,26,BOS,SG,29,0,23.8,4.7,10.8,.431,2.2,6.1,.369,2.4,4.7,.511,.535,1.4,1.6,.894,0.3,1.8,2.1,2.3,0.5,0.1,1.0,2.0,13.0,,simonan01
134,Jaylon Tyson,23,CLE,SG,26,19,27.8,5.0,9.5,.524,1.9,4.3,.450,3.0,5.2,.585,.626,1.1,1.4,.784,1.9,3.5,5.4,2.0,1.0,0.6,1.2,3.3,13.0,,tysonja01
135,Harrison Barnes,33,SAS,PF,29,29,29.9,4.4,9.3,.474,2.2,5.5,.400,2.2,3.8,.582,.593,1.8,2.1,.883,0.8,2.3,3.2,2.1,1.0,0.1,1.1,1.5,12.9,,barneha02
136,Mark Williams,24,PHO,C,25,22,24.4,5.0,7.5,.674,0.0,0.0,1.000,5.0,7.4,.672,.676,2.7,3.5,.773,3.0,5.1,8.0,1.1,1.3,0.9,1.0,2.4,12.8,,willima07
137,Tim Hardaway Jr.,33,DEN,SG,29,2,25.8,4.3,9.2,.468,2.7,6.2,.425,1.7,3.0,.558,.612,1.4,1.6,.894,0.2,1.9,2.1,1.4,0.5,0.1,0.4,1.1,12.7,,hardati02
138,John Collins,28,LAC,PF,29,20,27.2,4.9,9.6,.509,1.0,3.0,.326,3.9,6.6,.592,.560,1.8,2.2,.813,1.3,3.5,4.8,0.9,0.9,0.7,1.5,2.4,12.5,,collijo01
139,Bobby Portis,30,MIL,PF,30,4,23.2,5.0,10.3,.489,1.8,3.9,.466,3.2,6.4,.503,.576,0.6,0.9,.679,1.1,5.1,6.2,1.3,0.5,0.1,1.1,1.6,12.5,,portibo01
140,Malik Monk,27,SAC,SG,25,0,22.8,4.4,10.2,.435,1.8,4.4,.414,2.6,5.8,.451,.525,1.7,2.0,.824,0.4,1.6,2.0,2.3,0.8,0.4,1.2,1.6,12.4,,monkma01
141,Brandin Podziemski,22,GSW,SG,30,11,27.8,4.4,9.7,.455,1.9,4.8,.400,2.5,4.8,.510,.555,1.7,2.2,.746,0.7,3.8,4.5,3.3,1.2,0.2,1.6,2.2,12.4,,podzibr01
142,Myles Turner,29,MIL,C,30,30,28.9,4.1,9.6,.422,2.2,6.0,.367,1.9,3.6,.514,.536,2.1,2.9,.733,1.1,4.4,5.5,1.7,0.8,1.5,1.0,2.7,12.4,,turnemy01
143,Jaylen Wells,22,MEM,SG,30,30,27.5,4.2,9.9,.429,1.7,5.0,.340,2.5,4.9,.521,.515,2.2,2.8,.798,0.9,2.6,3.6,1.7,1.0,0.1,1.0,2.1,12.4,,wellsja01
144,Toumani Camara,25,POR,PF,30,30,33.4,4.4,10.8,.410,2.3,7.0,.332,2.1,3.8,.558,.519,1.1,1.6,.708,1.9,3.3,5.2,2.8,1.2,0.5,2.1,3.4,12.3,,camarto01
145,Wendell Carter Jr.,26,ORL,C,29,29,30.1,4.3,8.0,.537,1.2,3.0,.414,3.0,5.0,.611,.615,2.5,3.2,.777,2.7,4.9,7.5,2.0,0.7,0.7,1.4,3.6,12.3,,cartewe01
146,Tre Jones,26,CHI,PG,23,11,27.3,4.1,7.9,.519,0.4,1.6,.278,3.7,6.3,.579,.547,3.7,4.3,.860,0.6,2.3,2.9,5.1,1.6,0.3,1.4,1.5,12.3,,jonestr01
147,Cam Spencer,25,MEM,SG,29,4,23.1,4.0,8.1,.498,2.6,5.2,.493,1.4,2.9,.506,.657,1.7,1.8,.906,0.3,2.0,2.3,4.7,0.8,0.1,1.3,1.7,12.3,,spencca01
148,Dylan Harper,19,SAS,SG,19,0,21.5,4.7,10.3,.462,0.7,2.5,.277,4.1,7.8,.520,.495,2.0,2.8,.717,0.9,2.2,3.2,3.9,1.0,0.1,1.6,2.3,12.2,,harpedy01
149,Kevin Huerter,27,CHI,SF,24,8,24.0,4.6,9.6,.481,1.7,5.2,.331,2.9,4.5,.654,.569,1.3,1.6,.789,0.5,2.9,3.4,2.3,0.9,0.6,1.3,2.0,12.2,,huertke01
150,Kel'el Ware,21,MIA,C,30,20,24.5,4.7,8.5,.551,1.2,2.6,.474,3.5,5.9,.584,.623,1.6,2.0,.814,3.4,7.3,10.7,0.6,0.9,1.3,1.0,1.8,12.2,,wareke01
151,Josh Hart,30,NYK,SF,27,13,30.4,4.6,9.3,.496,1.6,4.0,.389,3.0,5.3,.577,.580,1.4,1.7,.826,1.8,6.4,8.1,5.1,1.4,0.3,2.2,2.6,12.1,,hartjo01
152,Ausar Thompson,23,DET,SF,26,25,27.0,4.9,9.5,.516,0.2,0.6,.313,4.7,8.9,.530,.526,2.0,3.7,.552,2.2,3.8,6.0,2.8,1.5,0.7,1.5,2.7,12.1,,thompau01
153,Isaiah Joe,26,OKC,SG,21,0,22.3,3.7,8.0,.461,2.8,6.5,.426,0.9,1.5,.613,.635,1.9,2.0,.930,0.6,2.3,3.0,1.5,0.6,0.2,0.9,1.7,12.0,,joeis01
154,Duncan Robinson,31,DET,SF,28,28,30.2,3.9,9.2,.426,2.9,7.4,.389,1.0,1.8,.580,.583,1.3,1.6,.778,0.3,2.5,2.8,2.0,0.9,0.3,0.6,2.6,12.0,,robindu01
155,Jonathan Kuminga,23,GSW,PF,18,13,24.8,4.3,10.1,.431,0.9,2.8,.320,3.4,7.3,.473,.475,2.2,3.0,.741,1.6,4.6,6.2,2.6,0.3,0.3,2.4,1.7,11.8,,kuminjo01
156,Cameron Johnson,29,DEN,SF,28,28,30.6,4.0,8.8,.461,1.9,4.5,.429,2.1,4.3,.496,.571,1.7,2.1,.810,0.7,2.9,3.6,2.4,0.6,0.3,1.0,2.3,11.7,,johnsca02
157,Miles McBride,25,NYK,SG,20,9,27.0,4.0,9.1,.436,2.8,6.2,.444,1.2,2.9,.421,.588,1.0,1.2,.792,0.7,1.9,2.6,2.5,0.7,0.3,0.8,1.8,11.6,,mcbrimi01
158,Dyson Daniels,22,ATL,SG,30,30,33.9,5.1,10.5,.481,0.2,1.7,.135,4.8,8.8,.549,.492,1.2,1.9,.603,2.2,4.2,6.4,5.7,2.0,0.4,2.3,2.3,11.5,,daniedy01
159,Tari Eason,24,HOU,PF,13,1,22.2,4.3,8.5,.509,2.4,4.7,.508,1.9,3.8,.510,.650,0.5,0.7,.667,1.5,3.5,5.0,1.6,0.8,0.5,1.5,1.5,11.5,,easonta01
160,Rudy Gobert,33,MIN,C,30,30,31.8,4.7,6.4,.731,0.0,0.0,,4.7,6.4,.731,.731,2.1,4.0,.521,4.0,7.1,11.1,2.0,0.5,1.5,1.5,2.9,11.5,,goberru01
161,Tre Johnson,19,WAS,SG,21,4,23.2,4.2,9.6,.438,2.0,5.1,.389,2.2,4.4,.495,.542,1.1,1.3,.852,0.6,2.6,3.2,1.4,0.5,0.4,1.4,1.7,11.5,,johnstr03
162,Christian Braun,24,DEN,SG,11,11,29.5,4.4,8.8,.495,0.5,2.5,.214,3.8,6.3,.609,.526,2.1,2.6,.793,1.6,2.7,4.4,3.0,0.8,0.3,1.3,2.2,11.4,,braunch01
163,Max Christie,22,DAL,SG,29,21,28.2,3.8,8.0,.476,2.3,5.2,.453,1.4,2.8,.519,.623,1.4,1.7,.840,0.2,3.0,3.2,1.9,0.5,0.4,1.0,1.7,11.4,,chrisma02
164,Isaiah Hartenstein,27,OKC,C,22,22,27.3,5.0,7.6,.653,0.0,0.2,.000,5.0,7.4,.669,.653,1.5,2.4,.635,3.5,7.1,10.6,3.0,1.1,0.8,2.1,2.9,11.4,,harteis01
165,Moses Moody,23,GSW,SG,28,17,24.9,3.8,9.0,.418,2.3,6.0,.381,1.5,3.0,.494,.546,1.6,1.9,.833,0.9,2.4,3.3,1.6,0.9,0.7,1.0,2.2,11.4,,moodymo01
166,Aaron Wiggins,27,OKC,SG,17,5,23.4,4.3,9.4,.459,2.1,5.1,.414,2.2,4.2,.514,.572,0.6,0.9,.733,0.7,2.2,2.9,1.8,0.5,0.5,1.1,1.9,11.4,,wiggiaa01
167,Zaccharie Risacher,20,ATL,SF,28,28,24.5,4.4,9.5,.459,1.5,4.4,.336,2.9,5.1,.563,.536,1.0,1.4,.675,1.0,2.0,3.0,1.6,1.1,0.5,0.9,2.1,11.1,,risacza01
168,Klay Thompson,35,DAL,SF,28,8,21.8,3.9,10.6,.369,2.8,7.8,.353,1.2,2.9,.413,.498,0.5,0.8,.714,0.3,2.3,2.5,1.3,0.4,0.3,0.9,1.1,11.1,,thompkl01
169,Jock Landale,30,MEM,C,30,14,22.3,4.3,8.3,.516,1.1,2.8,.410,3.1,5.5,.570,.585,1.4,2.1,.651,2.7,3.3,5.9,1.6,0.5,0.5,1.1,2.6,11.0,,landajo01
170,Ace Bailey,19,UTA,SF,29,20,24.2,4.2,9.6,.441,1.6,4.3,.357,2.7,5.3,.510,.522,0.7,1.0,.667,1.4,1.9,3.3,1.6,0.7,0.3,1.3,2.6,10.7,,baileac01
171,Vit Krejci,25,ATL,PG,27,1,23.6,3.6,7.0,.516,2.7,5.6,.477,1.0,1.4,.667,.705,0.7,0.9,.750,0.4,1.9,2.3,1.6,0.7,0.3,0.8,2.3,10.6,,krejcvi01
172,Peyton Watson,23,DEN,SF,27,17,26.2,3.9,7.7,.507,1.1,2.8,.400,2.8,4.9,.568,.580,1.7,2.4,.734,1.1,3.6,4.6,1.6,0.9,1.1,1.3,2.2,10.6,,watsope01
173,A.J. Green,26,MIL,SG,27,27,28.5,3.3,7.2,.462,3.0,6.6,.458,0.3,0.6,.500,.672,0.8,1.0,.808,0.1,2.6,2.7,2.1,0.6,0.1,0.9,2.7,10.5,,greenaj01
174,Derrick Jones Jr.,28,LAC,SF,13,13,24.9,3.8,7.1,.533,1.2,3.5,.348,2.5,3.5,.717,.620,1.7,2.2,.786,0.8,1.5,2.4,1.1,0.8,1.2,0.8,2.0,10.5,,jonesde02
175,Sandro Mamukelashvili,26,TOR,C,30,5,20.7,3.9,7.4,.527,1.3,3.2,.412,2.6,4.2,.616,.617,1.3,1.7,.769,1.5,3.1,4.6,1.8,0.6,0.5,0.9,1.8,10.5,,mamuksa01
176,Khris Middleton,34,WAS,SF,18,18,25.4,4.1,8.6,.471,0.9,2.6,.348,3.2,6.1,.523,.523,1.5,1.9,.771,1.1,2.9,3.9,3.4,0.8,0.3,1.7,2.9,10.5,,middlkh01
177,Marcus Smart,31,LAL,SG,19,13,27.5,3.4,8.4,.406,1.8,5.7,.315,1.6,2.7,.596,.513,1.9,2.1,.923,0.7,1.9,2.6,2.9,1.4,0.4,1.7,2.9,10.5,,smartma01
178,Brandon Williams,26,DAL,PG,28,9,21.6,3.6,9.1,.396,0.5,2.9,.175,3.1,6.3,.497,.424,2.8,3.5,.806,0.5,2.0,2.5,4.0,1.3,0.3,1.9,1.6,10.5,,willibr03
179,Julian Champagnie,24,SAS,SF,29,17,27.7,3.3,8.0,.416,2.2,6.1,.364,1.1,2.0,.579,.554,1.5,1.8,.843,0.8,4.8,5.6,1.5,1.0,0.4,1.1,1.4,10.4,,champju02
180,Donovan Clingan,21,POR,C,26,26,26.3,4.0,7.8,.512,0.7,2.5,.288,3.3,5.3,.620,.559,1.7,2.5,.667,4.5,5.9,10.4,1.7,0.6,1.6,0.9,2.5,10.4,,clingdo01
181,Royce O'Neale,32,PHO,SF,29,24,29.4,3.6,8.5,.427,2.9,6.9,.415,0.8,1.6,.478,.596,0.3,0.4,.667,0.8,4.3,5.1,2.8,1.3,0.2,1.6,2.3,10.4,,onealro01
182,D'Angelo Russell,29,DAL,PG,24,3,19.3,3.6,9.0,.405,1.3,4.5,.296,2.3,4.5,.514,.479,1.8,2.5,.717,0.3,2.1,2.5,4.0,0.5,0.1,1.9,1.3,10.4,,russeda01
183,Marvin Bagley III,26,WAS,PF,23,7,19.5,4.2,6.7,.623,0.3,0.5,.500,3.9,6.2,.634,.643,1.6,2.4,.673,2.7,2.8,5.5,1.6,0.5,0.7,1.1,2.3,10.2,,baglema01
184,Isaiah Stewart,24,DET,C,27,7,22.7,3.8,7.2,.528,1.0,2.5,.382,2.9,4.7,.606,.595,1.6,2.2,.733,2.0,4.0,6.0,1.2,0.2,1.9,1.2,3.0,10.2,,stewais01
185,Kyle Filipowski,22,UTA,C,28,11,23.2,3.6,7.5,.486,0.9,2.7,.342,2.7,4.8,.567,.548,1.8,2.6,.708,1.8,4.8,6.6,2.2,0.5,0.5,1.2,2.8,10.0,,filipky01
186,Neemias Queta,26,BOS,C,27,27,24.6,4.4,6.6,.663,0.0,0.1,.000,4.4,6.5,.674,.663,1.3,2.1,.596,3.1,4.8,7.9,1.6,0.7,1.2,0.8,3.0,10.0,,quetane01
187,Maxime Raynaud,22,SAC,C,22,8,20.9,4.0,7.8,.520,0.3,0.9,.316,3.8,6.9,.546,.538,1.6,2.1,.761,1.9,4.0,5.9,1.0,0.5,0.5,1.1,2.4,10.0,,raynama01
188,Jordan Clarkson,33,NYK,SG,29,0,20.3,3.7,8.4,.439,1.3,4.0,.333,2.3,4.4,.535,.518,1.2,1.6,.756,0.9,1.1,2.0,1.5,0.4,0.2,1.2,2.0,9.9,,clarkjo01
189,Herbert Jones,27,NOP,SF,22,22,28.0,3.6,8.8,.407,1.4,4.1,.344,2.2,4.7,.462,.487,1.2,1.5,.813,1.0,2.6,3.7,2.4,1.7,0.3,1.3,3.3,9.8,,joneshe01
190,T.J. McConnell,33,IND,PG,19,0,16.9,4.7,8.4,.556,0.3,1.1,.300,4.4,7.4,.593,.575,0.2,0.2,1.000,0.3,2.4,2.7,4.6,1.1,0.2,1.1,1.1,9.8,,mccontj01
191,Davion Mitchell,27,MIA,PG,28,28,30.3,3.9,7.9,.500,1.1,2.8,.390,2.9,5.1,.559,.568,0.8,1.3,.639,0.4,2.2,2.6,7.5,1.2,0.1,1.5,2.8,9.8,,mitchda01
192,Tristan Da Silva,24,ORL,SF,26,10,23.2,3.6,8.2,.439,1.6,4.4,.365,2.0,3.8,.525,.537,0.8,1.0,.815,0.8,3.1,3.9,1.2,0.8,0.2,1.0,1.2,9.7,,dasiltr01
193,Jakob Poeltl,30,TOR,C,21,21,25.3,4.2,6.0,.693,0.0,0.0,,4.2,6.0,.693,.693,1.3,2.2,.596,2.7,5.0,7.7,2.1,0.8,0.5,1.6,3.1,9.7,,poeltja01
194,Gary Trent Jr.,27,MIL,SG,30,17,26.8,3.3,8.4,.391,2.2,5.8,.371,1.1,2.6,.436,.520,0.8,1.0,.806,0.1,1.2,1.4,1.6,0.8,0.1,0.7,1.5,9.6,,trentga02
195,Egor Dёmin,19,BRK,PG,26,19,23.8,3.3,8.3,.396,2.1,5.7,.365,1.2,2.7,.464,.521,0.7,0.8,.864,0.5,2.7,3.2,3.5,0.9,0.3,1.8,1.8,9.4,,demineg01
196,Svi Mykhailiuk,28,UTA,SF,28,28,25.3,3.5,7.4,.469,2.0,5.0,.396,1.5,2.4,.618,.601,0.5,0.5,.929,0.7,1.9,2.6,2.0,0.6,0.1,0.9,1.3,9.4,,mykhasv01
197,Simone Fontecchio,30,MIA,SF,29,1,19.0,3.0,7.7,.386,2.0,5.4,.363,1.0,2.3,.439,.513,1.4,1.8,.804,0.5,2.5,3.0,1.7,0.4,0.2,1.0,1.6,9.3,,fontesi01
198,Landry Shamet,28,NYK,SG,15,6,20.9,2.8,6.2,.452,1.9,4.4,.424,0.9,1.8,.519,.602,1.8,2.3,.794,0.5,1.5,2.0,1.2,0.4,0.2,0.5,1.3,9.3,,shamela01
199,Cam Whitmore,21,WAS,SF,21,0,16.9,3.7,8.0,.456,0.8,2.7,.286,2.9,5.4,.540,.503,1.1,1.5,.742,0.9,1.9,2.8,0.7,0.7,0.4,0.9,1.2,9.2,,whitmca01
200,Dominick Barlow,22,PHI,PF,18,15,26.6,3.6,6.6,.538,0.4,1.8,.250,3.1,4.8,.644,.571,1.5,1.9,.794,2.1,3.5,5.6,1.8,0.8,1.0,1.1,2.3,9.1,,barlodo01
201,Zach Collins,28,CHI,C,8,0,17.5,3.4,5.9,.574,0.9,2.1,.412,2.5,3.8,.667,.649,1.4,2.0,.688,1.5,3.6,5.1,1.5,0.3,0.4,1.3,1.9,9.0,,colliza01
202,Jarace Walker,22,IND,PF,30,12,24.5,2.9,8.8,.335,1.4,4.6,.295,1.6,4.1,.379,.413,1.8,2.2,.791,0.5,4.2,4.7,1.9,0.6,0.4,1.8,1.7,9.0,,walkeja02
203,Corey Kispert,26,WAS,SF,18,2,19.5,3.1,6.2,.495,1.6,3.9,.394,1.5,2.2,.675,.622,1.3,1.7,.742,0.3,2.1,2.4,1.8,0.4,0.2,0.6,1.1,8.9,,kispeco01
204,Brice Sensabaugh,22,UTA,SF,28,1,16.5,3.0,7.3,.412,1.5,4.4,.331,1.5,2.9,.538,.512,1.4,1.6,.889,0.6,2.0,2.6,1.3,0.6,0.2,0.8,1.8,8.9,,sensabr01
205,Trendon Watford,25,PHI,PF,14,4,20.4,3.4,6.3,.534,0.5,1.3,.389,2.9,5.0,.571,.574,1.7,2.1,.800,1.1,3.6,4.7,3.6,0.4,0.2,1.5,2.7,8.9,,watfotr01
206,Bub Carrington,20,WAS,PG,28,11,27.4,3.0,7.8,.392,1.8,4.2,.424,1.3,3.5,.354,.507,1.0,1.4,.711,0.4,3.4,3.8,4.3,0.5,0.1,2.1,2.4,8.8,,carrica01
207,Bilal Coulibaly,21,WAS,SG,14,14,26.6,2.9,7.9,.360,1.0,3.9,.259,1.9,4.1,.456,.423,2.1,2.8,.744,0.6,3.4,4.1,2.8,1.1,0.9,1.9,2.4,8.8,,coulibi01
208,Jake LaRavia,24,LAL,PF,28,9,25.1,3.2,7.0,.457,1.0,3.0,.318,2.3,4.0,.563,.525,1.4,2.0,.684,1.5,2.8,4.2,1.9,1.3,0.4,1.0,2.3,8.8,,laravja01
209,Tre Mann,24,CHO,PG,21,1,19.9,3.3,9.4,.354,1.5,4.8,.307,1.9,4.6,.402,.432,0.6,0.7,.867,0.9,2.0,2.9,2.6,0.6,0.1,1.8,2.1,8.8,,manntr01
210,Jusuf Nurkić,31,UTA,C,26,21,24.8,3.5,7.5,.474,0.4,1.4,.270,3.2,6.0,.522,.500,1.3,2.7,.493,2.5,7.1,9.6,4.1,1.4,0.3,2.5,3.2,8.8,,nurkiju01
211,Ryan Kalkbrenner,24,CHO,C,26,25,25.6,3.7,4.7,.787,0.0,0.1,.000,3.7,4.6,.800,.787,1.3,1.8,.723,2.6,3.8,6.4,0.6,0.7,1.8,1.2,1.8,8.7,,kalkbry01
212,Pelle Larsson,24,MIA,SG,24,16,21.9,3.0,6.7,.444,1.0,3.1,.338,1.9,3.6,.535,.522,1.8,2.3,.778,0.5,2.0,2.5,3.2,0.5,0.2,1.0,1.9,8.7,,larsspe01
213,Jonas Valančiūnas,33,DEN,C,29,0,13.1,3.6,6.1,.588,0.1,0.4,.250,3.5,5.7,.612,.596,1.4,1.8,.755,1.4,3.2,4.6,1.2,0.2,0.6,1.0,1.9,8.7,,valanjo01
214,Ziaire Williams,24,BRK,SF,25,2,22.2,2.8,7.1,.390,1.5,5.2,.295,1.2,1.9,.646,.497,1.7,2.0,.857,0.6,1.8,2.5,0.7,0.9,0.5,1.1,2.0,8.7,,willizi02
215,Jordan Goodwin,27,PHO,PG,26,2,21.0,3.3,8.1,.414,1.4,4.0,.356,1.9,4.1,.472,.502,0.5,0.7,.722,1.7,2.3,4.0,2.0,1.5,0.2,1.2,1.7,8.6,,goodwjo01
216,Isaac Okoro,25,CHI,SG,21,21,24.4,3.3,6.8,.486,1.1,3.0,.359,2.2,3.7,.590,.567,0.9,1.2,.731,1.2,1.3,2.5,1.4,0.6,0.6,0.7,3.0,8.6,,okorois01
217,Jalen Smith,25,CHI,C,24,0,16.3,3.2,6.7,.472,1.3,3.6,.356,1.9,3.1,.608,.568,1.0,1.3,.750,1.8,3.8,5.6,1.3,0.3,0.6,1.0,1.9,8.6,,smithja04
218,Bogdan Bogdanović,33,LAC,SG,15,3,23.9,2.9,7.7,.379,1.6,4.7,.338,1.3,3.0,.444,.483,1.1,1.3,.842,0.3,2.7,3.1,2.9,0.5,0.1,1.3,2.7,8.5,,bogdabo01
219,Caris LeVert,31,DET,SG,24,0,20.5,3.0,6.9,.430,1.3,3.3,.380,1.7,3.6,.477,.521,1.3,2.0,.653,0.3,1.5,1.8,2.9,0.8,0.6,1.3,1.3,8.5,,leverca01
220,Tolu Smith,25,DET,PF,2,0,11.0,3.0,4.0,.750,0.0,0.0,,3.0,4.0,.750,.750,2.5,3.5,.714,2.0,3.5,5.5,1.0,0.5,0.5,0.5,1.0,8.5,,smithto05
221,Kris Dunn,31,LAC,PG,29,23,26.7,3.2,6.4,.500,1.2,3.0,.391,2.0,3.4,.596,.591,0.8,1.1,.719,0.8,2.1,2.9,2.9,1.5,0.2,1.4,2.4,8.4,,dunnkr01
222,Ron Holland,20,DET,SF,28,5,21.0,3.0,7.5,.405,0.7,2.7,.250,2.4,4.8,.493,.450,1.6,2.0,.804,0.9,2.8,3.8,1.5,1.5,0.2,1.3,2.3,8.4,,hollaro01
223,Jose Alvarado,27,NOP,PG,30,0,22.4,3.0,6.9,.433,1.7,4.5,.381,1.3,2.5,.527,.555,0.6,0.7,.810,0.4,2.3,2.8,3.2,1.0,0.1,1.3,2.0,8.3,,alvarjo01
224,Luguentz Dort,26,OKC,SF,21,21,27.8,2.9,7.6,.375,1.9,5.6,.331,1.0,2.0,.500,.497,0.7,0.8,.938,1.0,2.7,3.6,1.1,0.9,0.5,0.6,3.1,8.3,,dortlu01
225,Quenton Jackson,27,IND,PG,10,5,17.7,2.6,5.6,.464,0.8,2.1,.381,1.8,3.5,.514,.536,2.3,3.3,.697,0.6,2.1,2.7,2.2,0.7,0.1,1.3,1.6,8.3,,jacksqu01
226,Terance Mann,29,BRK,SG,26,26,26.4,3.0,6.7,.448,1.0,2.8,.342,2.0,3.9,.525,.520,1.3,1.5,.850,1.4,2.1,3.5,3.7,0.7,0.2,1.1,2.7,8.3,,mannte01
227,Ryan Nembhard,22,DAL,PG,18,12,21.5,3.6,7.3,.485,1.1,2.6,.413,2.5,4.8,.523,.557,0.1,0.2,.667,0.3,1.6,1.8,5.6,0.3,0.0,1.7,1.7,8.3,,nembhry01
228,Bradley Beal,32,LAC,SG,6,6,20.2,3.0,8.0,.375,1.2,3.2,.368,1.8,4.8,.379,.448,1.0,1.3,.750,0.3,0.5,0.8,1.7,0.5,0.0,1.5,2.3,8.2,,bealbr01
229,Isaiah Collier,21,UTA,PG,21,1,22.3,2.8,5.7,.483,0.4,1.1,.348,2.4,4.6,.515,.517,2.3,3.2,.706,0.2,1.9,2.1,6.3,0.6,0.3,2.2,2.2,8.2,,colliis01
230,Kentavious Caldwell-Pope,32,MEM,SG,30,13,22.1,2.7,6.8,.392,1.3,3.5,.358,1.4,3.3,.429,.485,1.5,1.7,.920,0.4,2.0,2.4,3.4,0.8,0.2,1.4,1.0,8.1,,caldwke01
231,Draymond Green,35,GSW,PF,24,24,27.0,3.0,7.3,.409,1.4,4.3,.327,1.6,3.0,.528,.506,0.7,1.1,.615,0.8,5.3,6.1,5.1,0.9,0.9,3.1,3.3,8.1,,greendr01
232,Luke Kornet,30,SAS,C,21,16,25.0,3.0,4.7,.646,0.0,0.0,,3.0,4.7,.646,.646,2.0,2.4,.843,3.1,3.5,6.6,2.0,0.4,1.4,0.6,2.0,8.1,,kornelu01
233,Bryce McGowens,23,NOP,SG,19,6,17.9,2.7,5.2,.515,0.8,1.7,.500,1.8,3.5,.522,.596,1.8,2.4,.778,0.4,1.9,2.3,1.5,0.6,0.2,0.3,1.5,8.1,,mcgowbr01
234,Will Richard,23,GSW,SG,25,12,18.9,2.8,5.2,.542,1.3,3.2,.418,1.5,2.1,.731,.668,1.1,1.4,.800,1.0,1.7,2.7,1.0,0.9,0.0,0.7,2.1,8.1,,richawi02
235,Aaron Holiday,29,HOU,PG,21,0,16.0,2.5,5.7,.442,1.7,3.9,.439,0.8,1.8,.447,.592,1.2,1.4,.862,0.1,0.9,1.0,1.0,0.4,0.1,1.0,1.5,8.0,,holidaa01
236,Jaden Ivey,23,DET,SG,15,0,15.0,2.9,6.3,.463,1.1,3.0,.356,1.9,3.3,.560,.547,1.1,1.2,.889,0.5,1.7,2.2,1.6,0.7,0.3,0.9,1.8,8.0,,iveyja01
237,Moussa Diabaté,24,CHO,C,29,3,22.4,3.0,4.9,.624,0.0,0.0,,3.0,4.9,.624,.624,1.9,2.8,.675,3.6,4.3,7.9,1.1,0.8,0.9,0.8,2.5,7.9,,diabamo01
238,Jay Huff,27,IND,C,30,14,19.6,2.7,6.6,.414,1.4,4.6,.297,1.4,2.0,.683,.518,1.1,1.3,.825,1.1,3.0,4.1,1.3,0.3,2.4,0.8,2.3,7.9,,huffja01
239,Caleb Love,24,POR,SG,22,0,17.8,3.0,8.6,.344,1.3,5.0,.261,1.6,3.5,.462,.421,0.7,0.9,.789,0.6,1.8,2.4,2.0,0.4,0.1,0.8,1.3,7.9,,loveca01
240,Tyrese Martin,26,BRK,SG,27,6,20.1,2.9,7.5,.391,1.4,4.3,.325,1.5,3.1,.482,.485,0.6,0.9,.708,1.0,2.1,3.1,2.4,0.7,0.1,1.1,1.0,7.9,,martity01
241,Cason Wallace,22,OKC,SG,29,26,27.7,3.0,7.1,.420,1.4,4.0,.350,1.6,3.1,.511,.519,0.5,0.6,.824,0.7,2.2,2.9,2.2,2.3,0.2,0.9,2.1,7.9,,wallaca01
242,Quinten Post,25,GSW,PF,30,16,18.9,2.9,7.0,.421,1.5,4.5,.331,1.4,2.4,.589,.529,0.5,0.6,.778,1.1,3.4,4.5,1.6,0.6,0.6,0.8,2.0,7.8,,postqu01
243,Daniel Gafford,27,DAL,C,20,13,20.9,2.9,4.8,.600,0.0,0.0,,2.9,4.8,.600,.600,2.0,2.6,.784,2.0,3.9,5.8,1.1,0.9,1.5,1.4,2.7,7.7,,gaffoda01
244,Buddy Hield,33,GSW,SG,29,3,17.9,2.8,6.8,.416,1.4,4.4,.326,1.4,2.3,.588,.523,0.6,0.6,.944,0.7,1.8,2.5,1.5,0.8,0.1,1.1,1.3,7.7,,hieldbu01
245,Danny Wolf,21,BRK,PF,14,0,18.0,2.6,7.0,.378,1.2,3.2,.378,1.4,3.8,.377,.464,1.2,1.4,.850,0.8,3.2,4.0,1.8,0.4,0.2,1.5,1.1,7.7,,wolfda01
246,Precious Achiuwa,26,SAC,C,23,10,19.7,3.2,6.0,.525,0.3,0.9,.333,2.9,5.1,.559,.550,1.0,2.0,.468,2.0,3.5,5.4,1.0,0.7,0.4,0.5,1.7,7.6,,achiupr01
247,Andre Drummond,32,PHI,C,27,13,21.7,3.0,5.7,.526,0.6,1.3,.417,2.4,4.4,.559,.575,1.1,1.7,.630,3.7,6.1,9.7,0.9,0.6,1.0,0.8,2.1,7.6,,drumman01
248,Daniss Jenkins,24,DET,PG,24,6,16.4,2.8,6.5,.433,0.8,2.3,.345,2.0,4.3,.480,.494,1.1,1.5,.771,0.7,1.2,1.9,3.0,0.8,0.0,1.3,1.4,7.6,,jenkida01
249,Jared McCain,21,PHI,SG,19,1,19.7,2.7,7.8,.351,1.3,3.8,.333,1.5,4.0,.368,.432,0.8,1.0,.842,0.2,2.4,2.5,2.1,1.0,0.0,0.9,1.3,7.6,,mccaija01
250,Nick Smith Jr.,21,LAL,SG,12,1,15.8,2.9,6.7,.438,1.3,3.3,.410,1.6,3.4,.463,.538,0.4,0.7,.625,0.1,1.1,1.2,1.3,0.7,0.2,1.1,1.1,7.6,,smithni01
251,Jamaree Bouyea,26,PHO,PG,13,0,15.1,3.1,5.1,.606,0.9,2.0,.462,2.2,3.1,.700,.697,0.5,0.5,.857,0.3,1.4,1.7,1.7,0.6,0.5,0.4,0.6,7.5,,bouyeja01
252,Bruce Brown,29,DEN,SG,29,1,24.4,2.9,6.2,.467,0.6,1.6,.340,2.3,4.6,.511,.511,1.1,1.3,.816,1.1,3.1,4.2,2.0,1.0,0.3,1.0,2.4,7.4,,brownbr01
253,Vince Williams Jr.,25,MEM,PG,22,11,21.9,2.5,7.5,.337,1.2,4.3,.277,1.4,3.3,.417,.416,1.1,1.4,.800,0.8,3.4,4.2,4.9,0.8,0.5,2.1,2.1,7.4,,willivi01
254,Isaiah Jackson,24,IND,C,29,14,18.3,2.9,4.9,.585,0.0,0.0,,2.9,4.9,.585,.585,1.6,2.1,.742,2.5,3.4,5.9,0.8,0.7,0.8,1.1,3.0,7.3,,jacksis01
255,Jordan Walsh,21,BOS,PF,24,16,21.0,2.8,4.7,.584,0.8,1.9,.444,1.9,2.8,.676,.673,1.0,1.1,.852,1.6,3.5,5.0,1.0,1.2,0.6,0.7,2.7,7.3,,walshjo01
256,Nikola Jović,22,MIA,PF,19,1,18.3,2.4,6.2,.390,0.9,3.2,.283,1.5,3.1,.500,.462,1.5,2.1,.718,0.6,2.9,3.5,2.6,0.5,0.4,1.8,2.1,7.2,,jovicni01
257,Ryan Dunn,23,PHO,SF,24,11,22.8,2.9,6.4,.448,0.8,2.5,.295,2.1,3.9,.548,.506,0.6,0.8,.700,1.8,3.1,4.9,1.9,1.3,0.6,1.2,2.7,7.1,,dunnry01
258,Day'Ron Sharpe,24,BRK,C,27,0,16.3,2.6,4.3,.598,0.2,0.8,.286,2.4,3.6,.667,.624,1.7,2.6,.652,2.1,3.5,5.6,2.2,0.9,0.5,1.6,2.1,7.1,,sharpda01
259,Seth Curry,35,GSW,SG,2,0,16.0,3.0,4.5,.667,1.0,2.0,.500,2.0,2.5,.800,.778,0.0,0.0,,0.5,1.5,2.0,1.5,1.0,0.0,0.0,1.5,7.0,,curryse01
260,Sion James,23,CHO,SG,30,14,25.9,2.2,5.3,.409,1.2,3.2,.371,1.0,2.1,.468,.522,1.5,1.7,.865,0.5,2.7,3.2,1.6,0.7,0.4,0.9,1.7,7.0,,jamessi01
261,Collin Murray-Boyles,20,TOR,PF,26,4,18.0,2.8,5.1,.556,0.5,1.2,.452,2.3,3.9,.588,.609,0.8,1.3,.606,2.0,1.8,3.8,1.4,0.7,0.4,1.2,2.3,7.0,,murraco01
262,Pat Spencer,29,GSW,PG,21,3,15.5,2.6,6.1,.430,0.7,1.8,.395,1.9,4.3,.444,.488,1.0,1.1,.875,0.7,1.6,2.3,3.0,0.7,0.0,1.0,1.4,7.0,,spencpa01
263,Tristan Vukcevic,22,WAS,C,24,2,12.0,2.4,5.3,.460,0.5,2.1,.216,2.0,3.1,.627,.504,1.7,2.2,.774,0.6,2.0,2.6,0.9,0.3,0.5,1.0,1.5,7.0,,vukcetr01
264,Jevon Carter,30,CHI,PG,14,0,14.3,2.2,5.4,.408,1.7,4.1,.421,0.5,1.4,.368,.566,0.7,0.7,1.000,0.4,1.1,1.4,1.2,0.8,0.0,0.6,1.1,6.9,,carteje01
265,Sam Hauser,28,BOS,PF,29,5,21.9,2.3,6.6,.354,2.1,5.8,.357,0.3,0.8,.333,.510,0.1,0.1,.750,0.6,2.9,3.5,1.4,0.6,0.3,0.6,1.2,6.9,,hausesa01
266,Kevin Love,37,UTA,PF,18,1,16.7,2.3,5.5,.414,1.4,4.1,.351,0.8,1.4,.600,.545,0.9,1.2,.727,1.6,3.6,5.1,1.7,0.3,0.3,0.7,2.1,6.9,,loveke01
267,Cole Anthony,25,MIL,PG,26,0,15.4,2.8,6.7,.428,0.6,2.0,.288,2.3,4.7,.488,.471,0.5,0.8,.591,0.4,2.2,2.6,3.8,0.7,0.3,1.9,2.2,6.8,,anthoco01
268,Luke Kennard,29,ATL,SG,28,0,20.2,2.3,4.9,.478,1.3,3.0,.424,1.0,1.8,.569,.610,0.8,0.9,.920,0.4,1.5,1.9,2.2,0.8,0.0,0.9,1.3,6.8,,kennalu01
269,Josh Okogie,27,HOU,SG,27,21,21.9,2.3,5.0,.463,1.1,2.7,.411,1.2,2.3,.524,.574,1.0,1.4,.730,1.4,1.6,3.0,1.1,1.2,0.2,0.9,2.0,6.8,,okogijo01
270,Kyle Anderson,32,UTA,SF,9,0,17.9,2.7,5.4,.490,0.1,0.1,1.000,2.6,5.3,.479,.500,1.2,1.7,.733,0.8,1.8,2.6,3.1,1.4,0.3,1.0,2.6,6.7,,anderky01
271,Patrick Williams,24,CHI,PF,28,1,19.3,2.3,6.2,.376,1.3,3.3,.407,1.0,2.9,.341,.483,0.8,1.2,.636,0.8,2.3,3.0,1.2,0.8,0.3,0.9,1.5,6.7,,willipa01
272,Josh Minott,23,BOS,PF,28,10,18.1,2.4,4.6,.508,1.1,2.6,.444,1.2,2.1,.586,.631,0.7,0.9,.769,1.4,2.7,4.1,1.1,0.8,0.4,0.6,1.8,6.6,,minotjo01
273,Tidjane Salaün,20,CHO,PF,17,0,15.9,2.3,4.8,.481,1.1,2.5,.442,1.2,2.2,.526,.599,0.9,1.4,.696,0.6,3.1,3.6,0.9,0.5,0.2,0.5,1.6,6.6,,salauti01
274,Nae'Qwan Tomlin,25,CLE,PF,22,2,15.5,2.6,5.4,.479,0.5,2.0,.233,2.1,3.5,.618,.521,1.0,1.5,.688,1.5,1.5,3.0,0.6,0.8,0.6,0.4,2.0,6.6,,tomlina01
275,Javonte Green,32,DET,SG,30,3,18.4,2.2,5.2,.420,0.9,2.7,.325,1.3,2.6,.519,.503,1.2,1.6,.771,0.8,2.0,2.7,0.8,1.3,0.3,0.7,1.5,6.5,,greenja02
276,Kobe Sanders,23,LAC,SG,21,3,19.1,2.2,4.9,.447,1.0,2.6,.389,1.2,2.3,.510,.549,1.1,1.2,.923,0.4,1.5,1.9,1.3,0.6,0.1,1.5,2.1,6.5,,sandeko01
277,Ben Sheppard,24,IND,SG,22,11,25.0,2.4,6.7,.354,1.1,4.0,.273,1.3,2.7,.475,.435,0.7,0.9,.789,0.8,3.3,4.1,2.0,0.6,0.1,0.7,2.0,6.5,,sheppbe01
278,Jordan Miller,26,LAC,SF,8,0,12.9,1.8,3.9,.452,0.8,1.9,.400,1.0,2.0,.500,.548,2.1,2.5,.850,1.1,1.6,2.8,1.1,0.3,0.1,1.1,0.6,6.4,,millejo02
279,Dru Smith,28,MIA,SG,30,1,17.3,2.2,5.2,.420,0.7,2.3,.324,1.5,3.0,.494,.490,1.3,1.6,.796,0.9,1.6,2.5,2.9,1.5,0.3,0.9,1.5,6.4,,smithdr01
280,Walter Clayton,22,UTA,PG,25,0,16.1,2.1,5.2,.403,0.8,2.8,.290,1.3,2.4,.533,.481,1.3,1.4,.943,0.4,1.6,2.0,3.2,0.5,0.2,1.2,1.8,6.3,,claytwa01
281,Luka Garza,27,BOS,C,21,1,14.2,2.2,3.9,.568,0.5,1.3,.407,1.7,2.6,.648,.636,1.4,1.9,.769,2.5,1.6,4.0,1.0,0.3,0.5,0.4,2.5,6.3,,garzalu01
282,Taylor Hendricks,22,UTA,PF,18,3,15.6,2.2,4.4,.494,0.9,2.1,.421,1.3,2.3,.561,.595,1.1,1.3,.792,1.2,2.2,3.4,0.6,0.5,0.2,0.4,1.1,6.3,,hendrta01
283,Mac McClung,27,IND,SG,3,0,11.3,2.3,6.0,.389,0.7,3.3,.200,1.7,2.7,.625,.444,1.0,1.3,.750,0.0,1.3,1.3,0.3,1.7,0.3,0.7,2.0,6.3,,mccluma01
284,De'Anthony Melton,27,GSW,PG,7,0,17.7,1.9,6.9,.271,0.4,3.4,.125,1.4,3.4,.417,.302,2.1,2.7,.789,0.1,0.9,1.0,2.0,1.7,0.6,1.4,2.3,6.3,,meltode01
285,Jamal Shead,23,TOR,PG,31,1,20.2,2.1,5.7,.360,1.1,3.2,.333,1.0,2.5,.392,.452,1.1,1.5,.778,0.4,1.5,1.9,5.4,1.1,0.1,1.3,2.0,6.3,,sheadja01
286,Kenrich Williams,31,OKC,PF,10,0,15.6,2.6,4.8,.542,0.8,2.0,.400,1.8,2.8,.643,.625,0.3,0.6,.500,0.5,2.2,2.7,1.8,0.5,0.0,0.7,1.2,6.3,,willike04
287,Gradey Dick,22,TOR,SG,31,0,15.7,2.0,5.2,.389,0.9,2.9,.311,1.1,2.3,.486,.475,1.1,1.4,.833,0.4,1.4,1.8,0.6,0.7,0.1,0.5,1.2,6.1,,dickgr01
288,Bones Hyland,25,MIN,PG,21,3,12.8,2.1,4.5,.474,1.1,3.1,.369,1.0,1.4,.700,.600,0.7,0.9,.833,0.3,1.0,1.3,2.1,0.6,0.2,0.9,1.6,6.1,,hylanbo01
289,Taurean Prince,31,MIL,SF,8,0,21.1,2.1,4.8,.447,1.5,3.5,.429,0.6,1.3,.500,.605,0.4,0.4,1.000,0.0,1.6,1.6,1.0,0.8,0.3,0.6,2.5,6.1,,princta02
290,Robert Williams,28,POR,C,19,1,15.7,2.7,3.9,.693,0.1,0.5,.111,2.7,3.5,.773,.700,0.5,0.8,.667,2.1,3.9,5.9,0.9,0.6,1.5,0.6,1.3,6.1,,williro04
291,A.J. Lawson,25,TOR,SG,2,0,8.0,2.0,5.0,.400,1.0,2.0,.500,1.0,3.0,.333,.500,1.0,1.0,1.000,0.5,2.0,2.5,0.0,0.0,1.0,0.0,2.5,6.0,,lawsoaj01
292,Brook Lopez,37,LAC,C,22,1,15.2,2.1,5.3,.397,1.3,3.6,.367,0.8,1.7,.459,.522,0.5,0.7,.733,0.3,1.9,2.2,0.7,0.3,1.0,0.9,1.8,6.0,,lopezbr01
293,Drake Powell,20,BRK,SG,19,0,17.7,2.1,4.3,.488,0.7,1.9,.378,1.4,2.4,.578,.573,1.1,1.1,.952,0.2,1.6,1.8,1.9,0.7,0.2,1.2,1.7,6.0,,poweldr01
294,KJ Simpson,23,CHO,PG,14,2,15.9,2.2,6.4,.348,0.9,2.8,.308,1.4,3.6,.380,.416,0.7,1.1,.625,0.4,1.7,2.1,2.5,1.1,0.0,1.7,1.0,6.0,,simpskj01
295,Blake Wesley,22,POR,SG,6,0,16.3,2.3,5.7,.412,0.3,1.7,.200,2.0,4.0,.500,.441,1.0,1.7,.600,0.3,2.0,2.3,3.2,1.7,0.2,1.2,2.3,6.0,,weslebl01
296,Goga Bitadze,26,ORL,C,28,0,16.7,2.3,3.4,.691,0.1,0.3,.250,2.3,3.1,.733,.702,1.2,1.5,.786,1.9,3.2,5.0,1.4,0.8,1.3,0.6,2.1,5.9,,bitadgo01
297,Jaden Hardy,23,DAL,SG,23,1,11.3,2.0,4.9,.402,1.1,3.0,.368,0.9,1.9,.455,.513,0.9,1.0,.833,0.3,1.0,1.3,0.6,0.2,0.1,0.8,1.2,5.9,,hardyja02
298,Jaxson Hayes,25,LAL,C,25,4,17.2,2.4,3.1,.766,0.0,0.0,1.000,2.3,3.0,.763,.773,1.1,1.7,.667,1.3,2.7,4.0,1.0,0.3,0.6,0.6,1.9,5.9,,hayesja02
299,Kris Murray,25,POR,SF,28,6,25.3,2.3,5.0,.461,0.6,2.1,.267,1.8,2.9,.605,.518,0.7,1.0,.690,1.8,2.2,4.0,1.0,1.1,0.4,0.9,2.1,5.9,,murrakr01
300,Steven Adams,32,HOU,C,22,5,21.5,2.1,4.4,.474,0.0,0.0,,2.1,4.4,.474,.474,1.6,2.3,.706,4.4,4.2,8.6,1.5,0.7,0.6,1.0,1.9,5.8,,adamsst01
301,Sidy Cissoko,21,POR,SF,25,10,20.2,1.9,4.8,.397,0.9,2.9,.306,1.0,2.0,.531,.488,1.0,1.4,.722,0.8,1.4,2.2,1.4,0.5,0.2,1.2,2.5,5.8,,cissosi01
302,Kasparas Jakučionis,19,MIA,PG,5,1,16.8,1.6,4.8,.333,1.4,3.0,.467,0.2,1.8,.111,.479,1.2,1.2,1.000,1.0,1.0,2.0,1.0,0.4,0.0,0.8,1.8,5.8,,jakucka01
303,Paul Reed,26,DET,C,22,2,10.6,2.5,3.9,.647,0.3,0.6,.462,2.2,3.3,.681,.682,0.5,0.9,.600,1.8,2.2,4.0,1.0,0.7,0.6,1.0,1.4,5.8,,reedpa01
304,Dean Wade,29,CLE,PF,29,8,23.0,1.9,5.0,.386,1.2,3.7,.315,0.8,1.3,.595,.503,0.7,1.0,.724,0.9,3.2,4.1,1.7,0.7,0.4,0.3,1.8,5.8,,wadede01
305,Dalton Knecht,24,LAL,SF,23,1,14.5,2.2,4.8,.450,0.9,2.8,.328,1.3,2.0,.617,.545,0.5,0.7,.688,0.4,1.5,1.9,0.5,0.3,0.3,0.4,1.2,5.7,,knechda01
306,Lonzo Ball,28,CLE,PG,23,3,23.9,1.9,6.1,.305,1.3,5.0,.263,0.6,1.2,.481,.411,0.5,0.8,.667,1.0,3.4,4.5,4.8,1.4,0.3,1.7,1.5,5.6,,balllo01
307,Alex Caruso,31,OKC,SG,20,0,18.8,2.1,5.1,.406,1.0,3.1,.323,1.1,2.0,.538,.505,0.5,0.6,.833,0.7,2.5,3.2,2.4,1.7,0.4,1.0,1.3,5.6,,carusal01
308,Al Horford,39,GSW,C,13,1,21.5,1.9,6.0,.321,1.3,4.4,.298,0.6,1.6,.381,.429,0.5,0.5,1.000,0.8,3.5,4.4,2.0,1.0,1.0,1.2,1.5,5.6,,horfoal01
309,Ethan Thompson,26,IND,SG,10,5,21.1,2.0,5.2,.385,1.2,3.7,.324,0.8,1.5,.533,.500,0.4,0.5,.800,0.8,1.2,2.0,1.6,0.7,0.4,0.4,2.4,5.6,,thompet01
310,Eric Gordon,37,PHI,SG,6,0,12.3,2.0,3.5,.571,1.3,2.3,.571,0.7,1.2,.571,.762,0.2,0.3,.500,0.2,0.2,0.3,0.5,0.7,0.2,0.5,0.5,5.5,,gordoer01
311,Mouhamed Gueye,23,ATL,PF,30,3,16.5,2.3,4.7,.486,0.5,2.0,.250,1.8,2.7,.663,.539,0.4,0.8,.565,1.1,2.3,3.4,0.8,0.6,0.7,0.6,1.7,5.5,,gueyemo02
312,Jeremy Sochan,22,SAS,PF,19,0,15.9,2.3,4.6,.494,0.4,1.4,.269,1.9,3.2,.590,.534,0.6,0.8,.688,1.2,2.2,3.4,1.3,0.5,0.2,0.8,2.2,5.5,,sochaje01
313,Jaylin Williams,23,OKC,PF,25,3,18.3,1.8,5.0,.355,1.2,4.1,.294,0.6,0.9,.636,.476,0.8,1.2,.655,0.5,4.2,4.7,2.4,0.7,0.5,1.0,1.8,5.5,,willija07
314,Mike Conley,38,MIN,PG,26,6,19.7,1.6,4.4,.360,1.2,3.2,.366,0.4,1.2,.344,.491,1.1,1.2,.935,0.4,1.5,1.9,3.3,0.7,0.2,0.7,1.7,5.4,,conlemi01
315,Justin Edwards,22,PHI,SF,25,5,16.8,1.9,5.1,.367,1.1,3.4,.321,0.8,1.8,.455,.473,0.6,0.6,.933,0.6,1.2,1.8,1.4,0.7,0.2,0.8,1.8,5.4,,edwarju01
316,Asa Newell,20,ATL,PF,21,0,10.2,2.0,3.6,.573,0.9,1.7,.514,1.2,1.9,.625,.693,0.4,0.6,.692,0.9,1.0,1.9,0.5,0.4,0.3,0.5,1.5,5.4,,newelas01
317,Ben Saraf,19,BRK,SG,12,5,16.9,1.8,5.2,.355,0.8,2.8,.273,1.1,2.4,.448,.427,1.0,1.3,.800,0.4,1.2,1.6,2.8,0.7,0.3,1.9,1.3,5.4,,sarafbe01
318,Ja'Kobe Walter,21,TOR,SG,28,7,16.9,1.9,4.5,.421,1.1,2.9,.375,0.8,1.6,.500,.540,0.5,0.8,.667,0.7,1.3,2.0,0.8,1.0,0.1,0.6,2.0,5.4,,walteja01
319,Drew Eubanks,28,SAC,C,25,11,14.4,2.2,3.6,.615,0.0,0.1,.500,2.2,3.6,.618,.621,0.8,1.5,.526,0.8,2.0,2.8,0.3,0.5,0.7,0.9,1.4,5.3,,eubandr01
320,Jett Howard,22,ORL,SF,21,0,11.6,1.9,4.4,.435,1.0,3.0,.355,0.9,1.4,.600,.554,0.4,0.4,1.000,0.3,1.1,1.4,0.9,0.2,0.1,0.2,1.0,5.3,,howarje01
321,Yves Missi,21,NOP,C,23,6,17.3,2.3,4.1,.574,0.0,0.0,,2.3,4.1,.574,.574,0.7,1.3,.517,3.0,2.2,5.2,1.1,0.2,1.1,1.0,1.8,5.3,,missiyv01
322,Josh Green,25,CHO,SG,6,0,14.7,1.8,3.5,.524,1.3,3.0,.444,0.5,0.5,1.000,.714,0.2,0.3,.500,0.8,1.0,1.8,1.2,1.2,0.0,0.5,1.3,5.2,,greenjo02
323,Garrison Mathews,29,IND,SG,15,1,13.1,1.4,3.5,.404,1.1,3.1,.370,0.3,0.4,.667,.567,1.3,1.5,.826,0.1,1.0,1.1,0.7,0.4,0.2,0.2,1.3,5.2,,mathega01
324,Craig Porter Jr.,25,CLE,PG,27,0,16.1,2.1,4.0,.533,0.6,1.4,.432,1.5,2.6,.586,.607,0.4,0.6,.588,1.4,1.7,3.1,2.5,1.0,0.6,0.8,1.1,5.2,,portecr01
325,Tyrese Proctor,21,CLE,PG,23,1,11.9,1.7,5.1,.333,1.0,3.3,.293,0.7,1.8,.405,.427,0.8,1.0,.826,0.2,1.3,1.4,1.4,0.3,0.0,0.5,1.1,5.2,,proctty01
326,Jalen Wilson,25,BRK,PF,20,0,14.0,1.7,4.4,.379,1.1,2.9,.362,0.6,1.5,.414,.500,0.8,1.1,.762,0.1,1.0,1.1,0.6,0.3,0.0,0.5,1.3,5.2,,wilsoja03
327,Justin Champagnie,24,WAS,SF,26,8,15.2,1.8,4.2,.440,0.3,1.5,.225,1.5,2.7,.565,.482,1.1,1.4,.757,1.9,3.0,5.0,0.9,0.7,0.4,0.3,1.3,5.1,,champju01
328,Branden Carlson,26,OKC,C,20,1,10.7,2.1,3.6,.569,0.8,1.8,.417,1.3,1.8,.722,.674,0.2,0.4,.429,0.5,1.7,2.2,0.7,0.1,0.6,0.4,1.0,5.0,,carlsbr01
329,Nique Clifford,23,SAC,SG,26,3,17.9,1.9,4.8,.392,0.6,2.2,.268,1.3,2.7,.493,.452,0.7,0.9,.750,0.6,2.1,2.7,1.3,0.5,0.3,0.9,2.2,5.0,,cliffni01
330,Jordan Hawkins,23,NOP,SG,24,0,14.2,1.8,5.3,.339,1.0,3.0,.338,0.8,2.3,.339,.433,0.4,0.6,.714,0.4,1.3,1.7,0.8,0.1,0.1,0.5,0.6,5.0,,hawkijo01
331,Spencer Jones,24,DEN,SF,25,14,18.3,2.0,3.6,.538,0.7,1.9,.354,1.3,1.7,.744,.632,0.4,0.8,.550,1.1,1.1,2.2,0.9,0.8,0.2,0.6,2.5,5.0,,jonessp01
332,Matisse Thybulle,28,POR,SG,4,0,12.3,1.5,2.5,.600,1.0,1.5,.667,0.5,1.0,.500,.800,1.0,1.0,1.000,0.0,1.0,1.0,0.8,2.5,0.0,0.3,1.8,5.0,,thybuma01
333,Keon Ellis,26,SAC,SG,28,2,16.5,1.7,4.4,.379,1.1,3.2,.348,0.6,1.3,.457,.504,0.5,0.8,.591,0.4,1.0,1.4,0.7,1.3,0.4,0.5,1.8,4.9,,elliske01
334,Oso Ighodaro,23,PHO,PF,29,5,18.4,2.3,3.9,.589,0.0,0.0,.000,2.3,3.8,.595,.589,0.4,1.0,.393,1.1,3.0,4.1,1.8,0.8,0.6,1.2,2.6,4.9,,ighodos01
335,Thomas Bryant,28,CLE,C,24,0,9.9,1.8,3.4,.512,0.5,1.6,.316,1.3,1.8,.682,.585,0.8,1.0,.826,0.7,2.0,2.7,0.4,0.3,0.4,0.3,1.3,4.8,,bryanth01
336,Tyler Kolek,24,NYK,PG,25,1,12.4,2.0,4.3,.472,0.5,1.8,.289,1.5,2.5,.603,.532,0.2,0.3,.625,0.3,1.4,1.8,2.6,0.6,0.1,0.9,1.2,4.8,,kolekty01
337,Liam McNeeley,20,CHO,SF,20,0,13.1,1.4,3.5,.406,1.0,2.3,.413,0.5,1.2,.391,.543,1.1,1.3,.840,0.5,1.8,2.3,0.9,0.2,0.1,0.5,1.5,4.8,,mcneeli01
338,Micah Peavy,24,NOP,SG,25,1,15.5,2.0,4.8,.413,0.4,1.6,.250,1.6,3.2,.494,.455,0.4,0.6,.714,1.0,1.4,2.4,1.0,0.6,0.1,0.4,1.5,4.8,,peavymi01
339,Terrence Shannon Jr.,25,MIN,SG,21,0,13.0,1.5,3.7,.410,0.7,1.7,.429,0.8,2.0,.395,.506,1.0,1.3,.778,0.3,1.0,1.3,0.7,0.3,0.0,0.7,1.4,4.8,,shannte01
340,Trey Alexander,22,NOP,SG,3,0,12.3,2.0,3.0,.667,0.7,1.0,.667,1.3,2.0,.667,.778,0.0,0.0,,0.0,1.3,1.3,1.3,0.3,0.3,0.3,1.3,4.7,,alexatr01
341,Olivier-Maxence Prosper,23,MEM,PF,18,0,10.7,1.4,3.0,.481,0.3,1.1,.316,1.1,1.9,.571,.537,1.4,1.6,.929,0.7,1.4,2.1,0.8,0.1,0.1,0.6,0.8,4.7,,prospol01
342,Mitchell Robinson,27,NYK,C,20,11,18.6,2.0,2.9,.684,0.0,0.0,,2.0,2.9,.684,.684,0.8,1.9,.421,4.6,4.0,8.5,1.1,0.9,1.2,0.8,2.3,4.7,,robinmi01
343,Gabe Vincent,29,LAL,PG,14,6,21.5,1.5,4.3,.350,1.2,3.4,.362,0.3,0.9,.308,.492,0.5,0.5,1.000,0.3,0.6,0.9,1.4,0.5,0.1,0.4,2.5,4.7,,vincega01
344,RayJ Dennis,24,2TM,PG,14,0,12.3,1.6,5.1,.306,0.9,2.7,.316,0.7,2.4,.294,.389,0.6,0.6,.889,0.6,1.1,1.6,1.9,0.2,0.3,1.1,1.1,4.6,,dennira01
344,RayJ Dennis,24,IND,PG,13,0,12.9,1.7,5.5,.306,0.9,2.9,.316,0.8,2.6,.294,.389,0.6,0.7,.889,0.6,1.0,1.6,2.0,0.2,0.3,1.1,1.2,4.9,,dennira01
344,RayJ Dennis,24,LAC,PG,1,0,4.0,0.0,0.0,,0.0,0.0,,0.0,0.0,,,0.0,0.0,,0.0,2.0,2.0,0.0,0.0,0.0,1.0,0.0,0.0,,dennira01
345,Karlo Matković,24,NOP,PF,21,0,11.5,2.0,3.3,.623,0.3,0.8,.412,1.7,2.5,.692,.674,0.1,0.5,.300,0.8,2.5,3.3,0.9,0.1,0.7,0.5,1.5,4.6,,matkoka01
346,Jase Richardson,20,ORL,SG,19,0,9.3,1.8,3.7,.486,0.6,1.5,.429,1.2,2.2,.524,.571,0.4,0.6,.727,0.5,0.7,1.2,1.2,0.3,0.1,0.6,0.8,4.6,,richaja02
347,Jeremiah Robinson-Earl,25,IND,PF,17,3,17.6,1.7,4.9,.349,0.5,1.9,.242,1.2,2.9,.420,.398,0.8,0.8,.929,1.9,3.3,5.2,0.7,0.4,0.1,0.6,1.4,4.6,,robinje02
348,Jarred Vanderbilt,26,LAL,PF,19,2,18.3,1.6,3.7,.423,0.4,1.3,.333,1.2,2.5,.468,.479,1.0,1.3,.760,1.8,3.7,5.6,1.3,0.9,0.4,1.4,1.8,4.6,,vandeja01
349,Nicolas Batum,37,LAC,PF,28,2,19.9,1.5,3.8,.383,1.4,3.6,.382,0.1,0.2,.400,.565,0.2,0.3,.857,0.5,2.2,2.7,0.7,0.8,0.4,0.7,2.0,4.5,,batumni01
350,Tony Bradley,28,IND,C,24,3,11.0,1.8,3.1,.568,0.0,0.0,.000,1.8,3.0,.575,.568,1.0,1.3,.742,1.6,1.0,2.5,0.6,0.1,0.2,0.4,1.9,4.5,,bradlto01
351,DeAndre Jordan,37,NOP,C,2,1,11.5,2.0,2.5,.800,0.0,0.0,,2.0,2.5,.800,.800,0.5,1.0,.500,2.0,3.0,5.0,0.0,0.0,0.0,0.5,0.5,4.5,,jordade01
352,Noah Penda,21,ORL,SF,17,0,11.1,1.7,3.6,.475,0.6,1.4,.478,1.1,2.2,.474,.566,0.4,0.8,.538,1.9,2.2,4.1,1.2,0.2,0.4,0.8,1.1,4.5,,pendano01
353,Will Riley,19,WAS,SF,22,0,11.5,1.6,3.6,.456,0.3,1.2,.231,1.4,2.4,.566,.494,0.9,1.2,.769,0.7,0.9,1.6,1.0,0.3,0.1,0.6,0.6,4.5,,rileywi01
354,Jabari Walker,23,PHI,PF,27,6,14.0,1.5,3.6,.427,0.4,1.5,.293,1.1,2.0,.527,.490,1.0,1.3,.750,1.4,2.3,3.6,0.6,0.2,0.3,0.5,1.9,4.5,,walkeja01
355,Ousmane Dieng,22,OKC,C,17,0,12.5,1.6,3.6,.443,0.8,1.9,.438,0.8,1.7,.448,.557,0.4,0.4,1.000,0.4,1.4,1.8,0.9,0.1,0.3,0.4,1.1,4.4,,diengou01
356,GG Jackson II,21,MEM,PF,10,1,9.6,1.6,4.2,.381,0.4,2.0,.200,1.2,2.2,.545,.429,0.8,1.1,.727,0.3,2.2,2.5,0.3,0.5,0.3,0.3,0.7,4.4,,jacksgg01
357,Trayce Jackson-Davis,25,GSW,C,20,1,12.9,1.7,3.0,.576,0.0,0.0,,1.7,3.0,.576,.576,1.0,1.6,.613,1.5,2.2,3.7,1.2,0.3,0.7,0.6,1.3,4.4,,jackstr02
358,Jaylen Clark,24,MIN,SG,27,0,14.4,1.5,3.6,.427,0.6,1.8,.327,0.9,1.7,.532,.510,0.7,1.2,.563,1.0,1.0,2.0,0.6,0.8,0.1,0.4,1.7,4.3,,clarkja02
359,Hugo González,19,BOS,SF,24,1,14.2,1.8,3.4,.531,0.5,1.2,.414,1.3,2.2,.596,.605,0.2,0.4,.444,0.8,2.3,3.1,0.5,0.8,0.3,0.7,2.1,4.3,,gonzahu01
360,Dereck Lively II,21,DAL,C,7,4,16.4,1.6,2.6,.611,0.0,0.0,,1.6,2.6,.611,.611,1.1,1.4,.800,2.0,3.3,5.3,1.9,0.6,1.6,1.4,3.0,4.3,,livelde01
361,Kelly Olynyk,34,SAS,C,17,0,10.4,1.4,2.8,.511,0.4,1.4,.292,1.0,1.4,.739,.585,1.0,1.4,.739,0.8,1.6,2.4,1.5,0.4,0.0,0.7,1.4,4.2,,olynyke01
362,Ochai Agbaji,25,TOR,SG,23,7,16.3,1.6,4.0,.398,0.3,1.5,.206,1.3,2.6,.508,.435,0.6,0.7,.824,0.5,1.7,2.3,0.8,0.5,0.3,0.3,2.0,4.1,,agbajoc01
363,Cam Christie,20,LAC,SG,18,0,10.7,1.2,3.5,.349,0.5,1.6,.310,0.7,1.9,.382,.421,1.2,1.7,.700,0.4,1.6,2.0,0.6,0.3,0.1,0.3,0.6,4.1,,chrisca02
364,Keaton Wallace,26,ATL,PG,27,2,13.5,1.5,3.8,.402,0.9,2.3,.397,0.6,1.4,.410,.525,0.2,0.4,.500,0.0,1.4,1.4,2.6,0.6,0.1,0.7,1.2,4.1,,wallake01
365,Brandon Clarke,29,MEM,PF,2,2,10.0,1.5,4.5,.333,0.0,0.0,,1.5,4.5,.333,.333,1.0,2.0,.500,2.0,1.0,3.0,0.5,1.0,0.0,0.0,2.5,4.0,,clarkbr01
366,Jamison Battle,24,TOR,SF,21,1,8.4,1.5,2.3,.633,0.8,1.4,.533,0.7,0.9,.789,.796,0.2,0.2,.800,0.2,1.3,1.5,0.4,0.2,0.0,0.4,0.7,3.9,,battlja01
367,Gary Payton II,33,GSW,SG,28,1,11.8,1.7,3.5,.485,0.3,1.1,.281,1.4,2.4,.582,.530,0.1,0.3,.571,1.0,2.1,3.1,1.7,0.6,0.3,0.8,1.5,3.9,,paytoga02
368,Adem Bona,22,PHI,C,20,3,16.6,1.4,2.5,.551,0.1,0.2,.500,1.3,2.3,.556,.571,1.0,1.6,.625,1.7,2.0,3.7,0.2,0.4,1.5,0.7,2.2,3.8,,bonaad01
369,Johnny Furphy,21,IND,SG,12,0,13.8,1.5,3.3,.462,0.5,1.6,.316,1.0,1.7,.600,.538,0.3,0.5,.500,0.7,1.6,2.3,0.3,0.5,0.0,0.5,1.3,3.8,,furphjo01
370,Javon Small,23,MEM,PG,9,0,12.3,1.1,3.6,.313,0.7,2.4,.273,0.4,1.1,.400,.406,0.9,1.1,.800,0.1,1.0,1.1,3.2,0.1,0.1,1.0,1.2,3.8,,smallja01
371,Rob Dillingham,21,MIN,PG,25,0,10.6,1.5,4.4,.349,0.3,1.0,.292,1.2,3.4,.365,.381,0.4,0.6,.714,0.2,1.1,1.3,2.0,0.6,0.1,1.0,1.2,3.7,,dilliro01
372,Malaki Branham,22,WAS,SG,14,0,7.9,1.1,2.7,.421,0.2,1.1,.200,0.9,1.6,.565,.461,1.1,1.4,.800,0.4,1.4,1.8,0.8,0.1,0.1,0.5,0.8,3.6,,branhma01
373,Devin Carter,23,SAC,PG,9,0,9.6,1.1,3.4,.323,0.6,1.9,.294,0.6,1.6,.357,.403,0.8,0.8,1.000,0.4,1.0,1.4,1.4,0.7,0.1,0.9,1.0,3.6,,cartede02
374,Pat Connaughton,33,CHO,SG,15,0,8.4,1.3,2.5,.500,0.7,1.7,.400,0.6,0.9,.692,.632,0.4,0.6,.667,0.3,1.3,1.7,0.5,0.3,0.1,0.2,0.3,3.6,,connapa01
375,Larry Nance Jr.,33,CLE,PF,16,2,15.0,1.4,4.1,.354,0.6,2.1,.303,0.8,2.0,.406,.431,0.1,0.2,.333,0.8,2.0,2.8,1.3,0.6,0.3,0.6,2.4,3.6,,nancela02
376,Charles Bassey,25,MEM,C,2,0,15.5,1.5,4.0,.375,0.0,0.0,,1.5,4.0,.375,.375,0.5,1.5,.333,3.5,4.0,7.5,1.0,0.5,0.5,0.5,2.5,3.5,,bassech01
377,Kobe Brown,26,LAC,PF,20,0,11.3,1.2,3.1,.371,0.5,2.1,.244,0.7,1.1,.619,.452,0.7,0.8,.875,0.6,1.5,2.0,1.0,0.4,0.1,0.5,0.5,3.5,,brownko01
378,Clint Capela,31,HOU,C,25,1,11.0,1.5,2.8,.543,0.0,0.0,,1.5,2.8,.543,.543,0.5,0.8,.571,2.4,2.0,4.5,0.4,0.4,0.6,0.5,0.9,3.5,,capelca01
379,Keshad Johnson,24,MIA,SF,12,0,10.0,1.2,3.3,.359,0.4,1.4,.294,0.8,1.8,.409,.423,0.8,1.1,.692,0.9,1.6,2.5,0.1,0.4,0.3,0.3,0.8,3.5,,johnske10
380,Antonio Reeves,25,CHO,SG,6,0,8.8,1.3,2.7,.500,0.8,1.7,.500,0.5,1.0,.500,.656,0.0,0.0,,0.2,0.7,0.8,0.3,0.2,0.0,0.0,0.5,3.5,,reevean01
381,Julian Strawther,23,DEN,SG,13,0,8.1,1.2,3.3,.349,0.3,1.6,.190,0.8,1.7,.500,.395,0.8,1.2,.688,0.1,1.2,1.2,0.5,0.1,0.1,0.4,0.8,3.5,,strawju01
382,Jamir Watkins,24,WAS,SG,11,1,12.8,1.2,2.2,.542,0.4,1.2,.308,0.8,1.0,.818,.625,0.7,0.7,1.000,0.5,2.2,2.6,0.5,0.3,0.3,0.4,1.9,3.5,,watkija01
383,Dylan Cardwell,24,SAC,C,7,1,16.7,1.0,2.1,.467,0.0,0.1,.000,1.0,2.0,.500,.467,1.4,2.4,.588,1.6,2.6,4.1,0.7,0.7,2.0,0.7,3.4,3.4,,cardwdy01
384,Jalen Pickett,26,DEN,SG,15,1,11.3,1.3,3.0,.422,0.7,1.8,.370,0.6,1.2,.500,.533,0.2,0.2,1.000,0.3,1.4,1.7,1.8,0.2,0.1,0.6,0.6,3.4,,pickeja02
385,Nick Richards,28,PHO,C,24,2,9.4,1.3,2.5,.517,0.0,0.0,,1.3,2.5,.517,.517,0.8,1.2,.679,1.2,2.0,3.3,0.3,0.1,0.5,1.0,1.4,3.4,,richani01
386,Jericho Sims,27,MIL,C,24,4,15.8,1.5,1.8,.841,0.0,0.0,,1.5,1.8,.841,.841,0.3,0.5,.636,1.4,2.7,4.1,0.8,0.3,0.2,1.1,1.8,3.4,,simsje01
387,Chaz Lanier,24,DET,SG,13,0,10.2,1.1,3.2,.333,0.9,2.8,.324,0.2,0.4,.400,.476,0.2,0.2,1.000,0.5,0.6,1.1,0.8,0.3,0.0,0.1,0.2,3.3,,laniech01
388,Gui Santos,23,GSW,PF,23,1,9.2,1.1,2.6,.433,0.5,1.6,.324,0.6,1.0,.609,.533,0.5,0.7,.688,0.9,1.1,2.0,0.7,0.4,0.1,0.8,1.3,3.3,,santogu01
389,James Wiseman,24,IND,C,4,1,14.5,1.5,2.5,.600,0.0,0.0,,1.5,2.5,.600,.600,0.3,0.5,.500,1.3,0.8,2.0,0.8,0.0,0.3,1.3,2.5,3.3,,wisemja01
390,David Jones García,24,SAS,SF,10,0,6.7,1.3,2.5,.520,0.3,0.5,.600,1.0,2.0,.500,.580,0.3,0.6,.500,0.4,0.8,1.2,1.8,0.6,0.1,0.5,0.6,3.2,,jonesda06
391,Tyus Jones,29,ORL,PG,30,5,15.3,1.2,3.1,.372,0.6,2.0,.317,0.5,1.1,.471,.473,0.2,0.2,1.000,0.2,0.8,1.0,2.3,0.7,0.1,0.3,0.6,3.2,,jonesty01
392,Dalen Terry,23,CHI,SG,16,0,10.8,1.4,2.7,.512,0.3,0.9,.267,1.1,1.8,.643,.558,0.2,0.4,.429,0.6,1.1,1.8,1.3,0.7,0.3,0.7,1.1,3.2,,terryda01
393,Moussa Cisse,23,DAL,C,19,1,10.2,1.2,2.0,.605,0.0,0.0,,1.2,2.0,.605,.605,0.7,1.6,.419,1.5,2.1,3.5,0.2,0.3,1.1,0.7,1.6,3.1,,cissemo01
394,Duop Reath,29,POR,C,24,0,7.8,1.1,2.4,.474,0.8,1.8,.452,0.3,0.6,.533,.640,0.1,0.1,.667,0.2,0.6,0.8,0.3,0.2,0.2,0.3,0.9,3.1,,reathdu01
395,Mark Sears,23,MIL,PG,7,0,3.7,0.9,1.9,.462,0.6,1.1,.500,0.3,0.7,.400,.615,0.9,1.1,.750,0.1,0.1,0.3,0.3,0.0,0.0,0.6,0.6,3.1,,searsma01
396,Jonathan Isaac,28,ORL,PF,26,0,10.6,1.1,2.5,.438,0.2,1.1,.207,0.8,1.3,.629,.484,0.6,1.2,.500,0.9,2.2,3.1,0.1,0.3,0.5,0.4,0.9,3.0,,isaacjo01
397,John Konchar,29,MEM,SG,22,0,13.0,1.2,2.3,.510,0.4,1.3,.321,0.8,1.0,.739,.598,0.3,0.4,.667,0.5,2.1,2.7,1.2,0.9,0.3,0.3,0.9,3.0,,konchjo01
398,Chris Livingston,22,CLE,SF,3,0,5.7,1.3,2.3,.571,0.0,1.0,.000,1.3,1.3,1.000,.571,0.3,0.3,1.000,0.0,1.0,1.0,0.3,0.3,0.0,0.0,1.3,3.0,,livinch01
399,Doug McDermott,34,SAC,SF,2,0,5.5,1.0,2.0,.500,1.0,2.0,.500,0.0,0.0,,.750,0.0,0.0,,0.0,0.0,0.0,0.0,0.0,0.0,0.5,1.0,3.0,,mcderdo01
400,Emanuel Miller,25,CHI,PF,5,0,6.6,1.2,2.6,.462,0.4,1.2,.333,0.8,1.4,.571,.538,0.2,0.4,.500,0.2,0.4,0.6,0.8,0.4,0.0,0.0,0.4,3.0,,milleem01
401,Riley Minix,25,SAS,SF,3,0,2.7,1.3,2.0,.667,0.3,1.0,.333,1.0,1.0,1.000,.750,0.0,0.0,,0.3,0.3,0.7,0.3,0.3,0.0,0.0,0.3,3.0,,minixri01
402,Monte Morris,30,IND,PG,6,0,10.8,1.2,3.3,.350,0.3,1.3,.250,0.8,2.0,.417,.400,0.3,0.7,.500,0.2,1.0,1.2,1.5,0.2,0.2,0.3,0.5,3.0,,morrimo01
403,Jae'Sean Tate,30,HOU,SF,16,0,8.2,1.3,2.3,.556,0.3,0.8,.417,0.9,1.5,.625,.625,0.2,0.2,1.000,0.6,0.9,1.6,0.6,0.3,0.1,0.3,1.4,3.0,,tateja01
404,Guerschon Yabusele,30,NYK,C,26,0,9.6,1.1,2.7,.394,0.6,1.9,.306,0.5,0.8,.591,.500,0.2,0.4,.600,0.7,1.5,2.2,0.4,0.1,0.2,0.3,1.1,3.0,,yabusgu01
405,Jordan McLaughlin,29,SAS,PG,12,0,7.6,1.1,2.3,.464,0.4,1.3,.333,0.7,1.1,.615,.554,0.3,0.4,.800,0.3,0.5,0.8,1.0,0.6,0.0,0.3,0.6,2.9,,mclaujo01
406,Chris Paul,40,LAC,PG,16,0,14.3,1.1,3.5,.321,0.6,1.9,.333,0.5,1.6,.308,.411,0.1,0.1,.500,0.4,1.4,1.8,3.3,0.7,0.0,1.0,1.4,2.9,,paulch01
407,Baylor Scheierman,25,BOS,SG,25,0,11.6,1.1,2.1,.509,0.7,1.7,.429,0.4,0.4,.818,.679,0.0,0.0,1.000,0.3,1.4,1.7,0.7,0.5,0.1,0.4,1.4,2.9,,scheiba01
408,Bobi Klintman,22,DET,SF,6,0,8.8,1.2,3.5,.333,0.5,1.8,.273,0.7,1.7,.400,.405,0.0,0.5,.000,0.8,1.8,2.7,0.7,0.3,0.0,0.8,1.5,2.8,,klintbo01
409,Yanic Konan Niederhäuser,22,LAC,C,13,0,5.8,1.1,1.5,.737,0.0,0.0,,1.1,1.5,.737,.737,0.6,1.1,.571,0.6,0.8,1.4,0.2,0.1,0.2,0.3,0.7,2.8,,konanya01
410,Julian Phillips,22,CHI,SF,22,2,10.1,1.1,2.5,.436,0.4,1.4,.300,0.7,1.1,.600,.518,0.2,0.3,.833,0.7,0.6,1.4,0.3,0.5,0.2,0.1,1.0,2.8,,phillju01
411,Dwight Powell,34,DAL,C,22,1,11.6,0.8,1.3,.621,0.0,0.0,,0.8,1.3,.621,.621,1.1,1.6,.694,1.0,1.5,2.5,0.9,0.5,0.2,0.4,2.1,2.8,,poweldw01
412,Xavier Tillman Sr.,27,BOS,C,11,1,9.4,1.3,2.5,.500,0.3,1.2,.231,1.0,1.4,.733,.554,0.0,0.0,,0.9,1.3,2.2,0.5,0.5,0.2,0.4,0.8,2.8,,tillmxa01
413,Rasheer Fleming,21,PHO,PF,14,0,6.2,0.9,2.5,.371,0.4,1.4,.250,0.6,1.1,.533,.443,0.5,0.5,1.000,0.6,0.6,1.2,0.1,0.4,0.1,0.2,0.7,2.7,,flemira01
414,Yang Hansen,20,POR,C,14,1,7.7,0.9,2.9,.317,0.1,1.1,.063,0.9,1.8,.480,.329,0.8,0.9,.917,0.5,1.3,1.8,0.9,0.1,0.4,0.8,1.1,2.7,,yangha01
415,Kevon Looney,29,NOP,C,12,6,12.9,1.2,2.8,.424,0.1,0.6,.143,1.1,2.2,.500,.439,0.3,0.5,.500,1.7,2.3,3.9,1.4,0.3,0.4,0.5,2.1,2.7,,looneke01
416,Cody Williams,21,UTA,SG,17,0,12.4,1.2,3.4,.345,0.2,1.5,.115,1.0,1.9,.531,.371,0.1,0.2,.250,0.4,0.7,1.1,0.6,0.2,0.2,0.4,1.3,2.6,,willico04
417,Carter Bryant,20,SAS,PF,21,0,7.7,1.0,2.6,.364,0.4,1.4,.300,0.5,1.2,.440,.445,0.2,0.3,.667,0.3,1.4,1.7,0.1,0.2,0.1,0.4,0.8,2.5,,bryanca01
418,Caleb Houstan,23,ATL,SF,8,0,5.4,0.8,1.6,.462,0.6,1.3,.500,0.1,0.4,.333,.654,0.4,0.4,1.000,0.5,0.1,0.6,0.3,0.1,0.1,0.5,0.6,2.5,,houstca01
419,Kam Jones,23,IND,SG,2,0,1.0,1.0,1.0,1.000,0.5,0.5,1.000,0.5,0.5,1.000,1.250,0.0,0.0,,0.0,0.0,0.0,0.0,0.0,0.0,0.0,0.0,2.5,,joneska03
420,Isaiah Livers,27,PHO,PF,13,0,12.2,0.8,2.2,.345,0.5,1.8,.292,0.2,0.4,.600,.466,0.4,0.5,.833,0.6,1.5,2.2,0.4,0.5,0.4,0.4,1.1,2.5,,liveris01
421,Nolan Traoré,19,BRK,PG,8,0,11.3,0.9,3.0,.292,0.4,1.5,.250,0.5,1.5,.333,.354,0.4,0.6,.600,0.1,0.9,1.0,1.5,0.4,0.1,0.8,1.3,2.5,,traorno01
422,Elijah Harkless,25,UTA,SG,7,0,9.4,0.6,1.6,.364,0.3,1.0,.286,0.3,0.6,.500,.455,1.0,1.3,.778,0.3,0.6,0.9,0.7,0.6,0.0,0.4,1.4,2.4,,harklej01
423,Gary Harris,31,MIL,SG,21,0,14.3,0.9,2.0,.452,0.4,1.0,.409,0.5,1.0,.500,.560,0.2,0.2,1.000,0.2,1.2,1.4,1.1,0.6,0.2,0.5,1.3,2.4,,harriga01
424,Lindy Waters III,28,SAS,SG,15,0,7.1,0.9,2.1,.419,0.7,1.8,.370,0.2,0.3,.750,.581,0.0,0.0,,0.1,0.9,1.0,0.3,0.3,0.0,0.1,0.7,2.4,,waterli01
425,Chris Boucher,33,BOS,PF,8,0,11.4,0.9,2.8,.318,0.1,1.5,.083,0.8,1.3,.600,.341,0.4,0.5,.750,0.3,2.0,2.3,0.4,0.6,0.9,0.1,2.0,2.3,,bouchch01
426,Pete Nance,25,MIL,PF,8,0,3.5,0.9,1.8,.500,0.5,1.1,.444,0.4,0.6,.600,.643,0.0,0.0,,0.1,0.8,0.9,0.1,0.0,0.0,0.1,0.0,2.3,,nancepe01
427,Orlando Robinson,25,ORL,C,3,1,7.3,1.0,1.7,.600,0.3,0.7,.500,0.7,1.0,.667,.700,0.0,0.0,,0.7,0.3,1.0,0.7,0.3,0.0,0.0,1.0,2.3,,robinor01
428,Luke Travers,24,CLE,SG,12,0,8.6,0.8,3.0,.250,0.1,1.3,.063,0.7,1.7,.400,.264,0.8,0.8,1.000,0.8,1.3,2.0,0.8,0.6,0.3,0.3,0.5,2.3,,travelu01
429,Jeff Green,39,HOU,PF,11,0,4.8,0.8,1.6,.500,0.5,1.3,.429,0.3,0.4,.750,.667,0.0,0.0,,0.1,0.4,0.5,0.1,0.0,0.1,0.0,0.5,2.2,,greenje02
430,Joan Beringer,19,MIN,PF,9,0,4.1,0.9,1.2,.727,0.0,0.0,,0.9,1.2,.727,.727,0.2,0.3,.667,0.2,1.1,1.3,0.0,0.1,0.2,0.2,1.0,2.0,,berinjo01
431,Koby Brea,23,PHO,SG,2,0,4.0,0.5,1.5,.333,0.0,1.0,.000,0.5,0.5,1.000,.333,1.0,1.0,1.000,0.0,0.5,0.5,1.0,0.0,0.0,0.0,0.0,2.0,,breako01
432,Hunter Dickinson,25,NOP,C,1,0,5.0,1.0,2.0,.500,0.0,0.0,,1.0,2.0,.500,.500,0.0,0.0,,0.0,0.0,0.0,0.0,0.0,1.0,2.0,2.0,2.0,,dickihu01
433,Trentyn Flowers,20,CHI,SF,2,0,3.0,1.0,1.5,.667,0.0,0.5,.000,1.0,1.0,1.000,.667,0.0,0.0,,0.5,0.0,0.5,0.5,0.0,0.0,0.5,0.5,2.0,,flowetr01
434,Ron Harper Jr.,25,BOS,SF,4,0,5.0,0.8,2.5,.300,0.5,2.0,.250,0.3,0.5,.500,.400,0.0,0.0,,0.3,0.5,0.8,1.0,0.3,0.5,0.0,0.5,2.0,,harpero02
435,Colby Jones,23,DET,SG,1,0,7.0,1.0,3.0,.333,0.0,2.0,.000,1.0,1.0,1.000,.333,0.0,0.0,,0.0,4.0,4.0,2.0,0.0,0.0,0.0,1.0,2.0,,jonesco02
436,E.J. Liddell,25,BRK,PF,7,0,4.6,0.7,1.7,.417,0.3,1.1,.250,0.4,0.6,.750,.500,0.3,0.4,.667,0.4,0.9,1.3,0.0,0.0,0.0,0.0,0.6,2.0,,liddeej01
437,Wendell Moore Jr.,24,DET,SG,3,0,14.3,1.0,2.0,.500,0.0,0.3,.000,1.0,1.7,.600,.500,0.0,0.0,,0.3,1.0,1.3,1.0,0.7,0.3,0.3,0.3,2.0,,moorewe01
438,Daeqwon Plowden,27,SAC,SG,1,0,14.0,1.0,5.0,.200,0.0,3.0,.000,1.0,2.0,.500,.200,0.0,0.0,,2.0,0.0,2.0,0.0,0.0,0.0,0.0,0.0,2.0,,plowdda01
439,Jahmir Young,25,MIA,PG,5,0,4.8,0.8,2.2,.364,0.4,1.0,.400,0.4,1.2,.333,.455,0.0,0.0,,0.0,0.4,0.4,0.8,0.2,0.0,0.4,0.6,2.0,,youngja05
440,PJ Hall,23,MEM,C,7,0,3.9,0.7,1.3,.556,0.1,0.4,.333,0.6,0.9,.667,.611,0.3,0.4,.667,0.4,0.9,1.3,0.3,0.0,0.3,0.1,0.4,1.9,,hallpj01
441,Maxi Kleber,34,LAL,PF,13,0,12.6,0.6,1.6,.381,0.2,0.8,.273,0.4,0.8,.500,.452,0.5,0.6,.750,0.5,1.3,1.8,0.6,0.2,0.4,0.2,1.7,1.9,,klebima01
442,Zeke Nnaji,25,DEN,PF,18,1,8.2,0.7,1.4,.500,0.2,0.7,.231,0.6,0.7,.769,.558,0.3,0.5,.667,0.3,1.2,1.4,0.3,0.2,0.2,0.4,1.0,1.9,,nnajize01
443,Mason Plumlee,35,CHO,C,14,2,8.9,0.6,0.9,.750,0.0,0.0,,0.6,0.9,.750,.750,0.6,0.9,.667,0.7,2.1,2.9,1.1,0.4,0.0,0.6,0.7,1.9,,plumlma01
444,Thanasis Antetokounmpo,33,MIL,SF,10,0,2.5,0.6,0.9,.667,0.0,0.0,,0.6,0.9,.667,.667,0.6,0.9,.667,0.2,0.2,0.4,0.0,0.3,0.3,0.1,0.7,1.8,,antetth01
445,Myron Gardner,24,MIA,SF,6,0,4.5,0.7,1.0,.667,0.5,0.8,.600,0.2,0.2,1.000,.917,0.0,0.0,,0.2,0.5,0.7,0.3,0.2,0.0,0.0,1.3,1.8,,gardnmy01
446,Cody Martin,30,IND,SF,4,0,13.8,0.5,2.5,.200,0.0,1.3,.000,0.5,1.3,.400,.200,0.8,1.5,.500,0.3,3.3,3.5,0.5,1.0,0.5,1.0,1.3,1.8,,martico01
447,Marcus Sasser,25,DET,PG,4,0,4.8,0.8,1.5,.500,0.3,0.8,.333,0.5,0.8,.667,.583,0.0,0.0,,0.0,0.8,0.8,1.8,0.0,0.0,0.3,0.8,1.8,,sassema01
448,Chris Youngblood,23,OKC,SG,21,0,5.3,0.5,1.5,.344,0.4,1.3,.333,0.1,0.2,.400,.484,0.3,0.3,1.000,0.1,0.8,0.9,0.3,0.0,0.0,0.0,0.8,1.8,,youngch01
449,Jamal Cain,26,ORL,SF,7,0,7.0,0.6,1.9,.308,0.1,0.9,.167,0.4,1.0,.429,.346,0.4,0.6,.750,0.3,0.3,0.6,0.3,0.4,0.1,0.4,0.9,1.7,,cainja01
450,JD Davison,23,HOU,PG,12,0,6.6,0.7,1.4,.471,0.3,0.8,.444,0.3,0.7,.500,.588,0.0,0.2,.000,0.1,0.3,0.3,0.9,0.3,0.1,0.2,0.3,1.7,,davisjd01
451,Harrison Ingram,23,SAS,SF,3,0,3.7,0.7,1.0,.667,0.3,0.3,1.000,0.3,0.7,.500,.833,0.0,0.0,,1.0,0.0,1.0,0.0,0.0,0.0,0.0,0.7,1.7,,ingraha01
452,Bronny James,21,LAL,SG,15,1,9.0,0.7,2.2,.303,0.3,1.1,.250,0.4,1.1,.353,.364,0.1,0.1,1.000,0.3,0.4,0.7,1.5,0.6,0.1,0.8,0.8,1.7,,jamesbr02
453,Caleb Martin,30,DAL,SF,24,0,10.1,0.6,1.9,.333,0.1,0.6,.143,0.5,1.3,.419,.356,0.3,0.4,.800,0.6,1.0,1.6,1.0,0.5,0.2,0.4,1.5,1.7,,martica02
454,Leonard Miller,22,MIN,SF,9,0,4.2,0.7,1.3,.500,0.0,0.6,.000,0.7,0.8,.857,.500,0.3,0.6,.600,0.1,1.1,1.2,0.4,0.2,0.0,0.4,0.8,1.7,,millele01
455,Rayan Rupert,21,POR,SG,23,0,8.4,0.7,2.0,.356,0.3,0.9,.286,0.4,1.0,.417,.422,0.1,0.2,.500,0.3,1.3,1.6,0.4,0.3,0.0,0.4,1.0,1.7,,ruperra01
456,Jacob Toppin,25,ATL,SF,5,0,3.4,0.8,1.2,.667,0.0,0.0,,0.8,1.2,.667,.667,0.0,0.0,,0.0,0.2,0.2,0.2,0.0,0.2,0.0,0.2,1.6,,toppija01
457,Brooks Barnhizer,23,OKC,SG,19,0,7.9,0.6,1.4,.462,0.1,0.3,.200,0.6,1.1,.524,.481,0.2,0.3,.667,0.3,1.6,1.9,0.5,0.2,0.1,0.2,0.6,1.5,,barnhbr01
458,Tyson Etienne,26,BRK,PG,8,0,4.3,0.5,1.9,.267,0.5,1.6,.308,0.0,0.3,.000,.400,0.0,0.0,,0.0,0.0,0.0,0.1,0.0,0.0,0.1,0.6,1.5,,etienty01
459,DaRon Holmes,23,DEN,PF,2,0,2.0,0.5,0.5,1.000,0.5,0.5,1.000,0.0,0.0,,1.500,0.0,0.0,,0.0,0.0,0.0,0.0,0.0,0.0,0.0,0.5,1.5,,holmeda01
460,Khaman Maluach,19,PHO,C,13,0,5.0,0.5,1.2,.375,0.0,0.3,.000,0.5,0.9,.500,.375,0.5,0.6,.875,0.2,0.8,1.0,0.2,0.0,0.4,0.5,1.0,1.5,,maluakh01
461,Johni Broome,23,PHI,C,7,0,5.7,0.6,2.9,.200,0.0,0.4,.000,0.6,2.4,.235,.200,0.3,0.6,.500,0.9,1.0,1.9,0.6,0.3,0.0,0.3,0.7,1.4,,broomjo01
462,Amir Coffey,28,MIL,SG,21,0,7.7,0.5,1.1,.417,0.1,0.5,.273,0.3,0.6,.538,.479,0.3,0.3,1.000,0.2,0.5,0.7,0.4,0.0,0.0,0.1,0.3,1.4,,coffeam01
463,Javonte Cooke,26,POR,SG,5,0,6.2,0.6,2.4,.250,0.2,1.0,.200,0.4,1.4,.286,.292,0.0,0.0,,0.2,0.4,0.6,1.0,0.2,0.0,0.8,0.2,1.4,,cookeja01
464,Anthony Gill,33,WAS,PF,12,0,3.3,0.5,0.8,.600,0.1,0.2,.500,0.4,0.7,.625,.650,0.3,0.3,1.000,0.3,0.4,0.8,0.0,0.0,0.1,0.3,0.3,1.4,,gillan01
465,Nigel Hayes-Davis,31,PHO,SF,19,0,8.9,0.6,2.1,.300,0.1,0.7,.071,0.6,1.4,.423,.313,0.1,0.1,.500,0.5,0.8,1.3,0.4,0.4,0.1,0.4,0.7,1.4,,hayesni01
466,Ariel Hukporti,23,NYK,C,18,3,9.2,0.5,1.1,.474,0.0,0.0,,0.5,1.1,.474,.474,0.4,0.7,.583,1.1,1.5,2.6,0.6,0.2,0.6,0.6,1.6,1.4,,hukpoar01
467,Andre Jackson Jr.,24,MIL,SG,14,0,6.7,0.4,1.6,.273,0.1,0.9,.154,0.3,0.6,.444,.318,0.4,0.4,.833,0.4,0.5,0.9,1.2,0.4,0.1,0.4,0.9,1.4,,jacksan01
468,Taelon Peter,23,IND,SG,17,0,6.4,0.4,1.7,.241,0.4,1.6,.222,0.1,0.1,.500,.345,0.2,0.3,.800,0.2,0.7,0.9,0.8,0.1,0.1,0.5,0.4,1.4,,peterta01
469,Isaac Jones,25,2TM,PF,4,1,4.5,0.5,1.0,.500,0.0,0.5,.000,0.5,0.5,1.000,.500,0.3,0.5,.500,0.5,0.0,0.5,0.3,0.0,0.0,0.0,1.0,1.3,,jonesis01
469,Isaac Jones,25,SAC,PF,3,1,5.7,0.3,0.7,.500,0.0,0.3,.000,0.3,0.3,1.000,.500,0.3,0.7,.500,0.7,0.0,0.7,0.3,0.0,0.0,0.0,1.3,1.0,,jonesis01
469,Isaac Jones,25,DET,PF,1,0,1.0,1.0,2.0,.500,0.0,1.0,.000,1.0,1.0,1.000,.500,0.0,0.0,,0.0,0.0,0.0,0.0,0.0,0.0,0.0,0.0,2.0,,jonesis01
470,Trey Jemison,26,NYK,C,4,0,7.3,0.5,0.5,1.000,0.0,0.0,,0.5,0.5,1.000,1.000,0.3,0.3,1.000,1.0,1.0,2.0,0.3,0.0,0.3,0.8,1.0,1.3,,jemistr01
471,Adou Thiero,21,LAL,SF,12,0,6.3,0.4,1.0,.417,0.0,0.1,.000,0.4,0.9,.455,.417,0.5,0.7,.750,0.4,0.4,0.8,0.3,0.3,0.0,0.3,1.2,1.3,,thierad01
472,Kyle Lowry,39,PHI,PG,5,0,8.6,0.4,1.0,.400,0.4,1.0,.400,0.0,0.0,,.600,0.0,0.0,,0.0,0.6,0.6,1.4,0.2,0.0,0.4,0.6,1.2,,lowryky01
473,Jonathan Mogbo,24,TOR,PF,11,0,4.5,0.5,1.1,.500,0.0,0.0,,0.5,1.1,.500,.500,0.1,0.1,1.000,0.5,0.8,1.4,0.5,0.1,0.3,0.1,0.5,1.2,,mogbojo01
474,Mohamed Diawara,20,NYK,SF,21,1,4.3,0.4,1.2,.346,0.2,0.6,.308,0.2,0.6,.385,.423,0.0,0.2,.250,0.1,0.5,0.7,0.4,0.2,0.0,0.3,0.5,1.1,,diawamo01
475,Johnny Juzang,24,MIN,SG,8,0,2.8,0.4,1.1,.333,0.3,0.9,.286,0.1,0.3,.500,.444,0.1,0.3,.500,0.1,0.3,0.4,0.1,0.0,0.0,0.1,0.4,1.1,,juzanjo01
476,Hunter Tyson,25,DEN,PF,11,0,3.9,0.4,1.6,.222,0.2,0.8,.222,0.2,0.8,.222,.278,0.2,0.2,1.000,0.2,1.1,1.3,0.3,0.1,0.0,0.0,0.4,1.1,,tysonhu01
477,Miles Kelly,23,DAL,PG,2,0,5.5,0.5,1.0,.500,0.0,0.5,.000,0.5,0.5,1.000,.500,0.0,0.0,,0.5,1.5,2.0,0.0,0.0,0.0,0.5,1.0,1.0,,kellymi02
478,Jahmai Mashack,23,MEM,SG,6,0,3.5,0.3,1.2,.286,0.3,0.8,.400,0.0,0.3,.000,.429,0.0,0.0,,0.0,0.8,0.8,0.3,0.2,0.0,0.5,0.2,1.0,,mashaja01
479,Kevin McCullar Jr.,24,NYK,SF,3,0,2.0,0.3,0.3,1.000,0.3,0.3,1.000,0.0,0.0,,1.500,0.0,0.0,,0.0,0.3,0.3,0.0,0.0,0.0,0.3,0.0,1.0,,mcculke01
480,Hunter Sallis,22,PHI,SG,7,0,3.7,0.4,0.7,.600,0.0,0.0,,0.4,0.7,.600,.600,0.1,0.3,.500,0.0,0.1,0.1,0.6,0.0,0.1,0.7,0.3,1.0,,sallihu01
481,Dario Šarić,31,SAC,C,5,0,8.2,0.2,1.2,.167,0.2,0.6,.333,0.0,0.6,.000,.250,0.4,0.4,1.000,0.2,1.0,1.2,0.4,0.0,0.0,0.4,0.6,1.0,,saricda01
482,Drew Timme,25,LAL,PF,2,0,4.0,0.5,1.0,.500,0.0,0.5,.000,0.5,0.5,1.000,.500,0.0,0.0,,0.5,0.5,1.0,1.5,0.5,0.0,0.0,0.0,1.0,,timmedr01
483,Bismack Biyombo,33,SAS,C,10,1,6.4,0.4,0.6,.667,0.0,0.0,,0.4,0.6,.667,.667,0.1,0.2,.500,0.2,0.5,0.7,0.3,0.3,0.1,0.3,1.0,0.9,,biyombi01
484,N'Faly Dante,24,ATL,C,4,0,3.8,0.3,1.0,.250,0.0,0.0,,0.3,1.0,.250,.250,0.3,0.3,1.000,0.8,1.0,1.8,0.0,0.5,0.0,0.3,0.3,0.8,,nfalyda01
485,Drew Peterson,26,CHO,PF,6,0,10.7,0.3,2.7,.125,0.0,2.0,.000,0.3,0.7,.500,.125,0.2,0.3,.500,0.5,1.0,1.5,0.3,0.5,0.2,0.0,0.5,0.8,,peterdr01
486,Curtis Jones,24,DEN,SG,3,0,2.3,0.3,1.0,.333,0.0,0.3,.000,0.3,0.7,.500,.333,0.0,0.0,,0.3,0.3,0.7,0.0,0.0,0.0,0.3,0.0,0.7,,jonescu01
487,AJ Johnson,21,WAS,SG,12,0,4.3,0.2,1.3,.125,0.0,0.3,.000,0.2,1.1,.154,.125,0.3,0.3,.750,0.2,0.4,0.6,0.4,0.0,0.0,0.2,0.3,0.6,,johnsaj01
488,Garrett Temple,39,TOR,SG,7,0,3.3,0.1,0.7,.200,0.1,0.6,.250,0.0,0.1,.000,.300,0.1,0.3,.500,0.0,0.4,0.4,0.3,0.3,0.1,0.1,0.3,0.6,,templga01
489,Christian Koloko,25,2TM,C,4,0,6.5,0.3,0.3,1.000,0.0,0.0,,0.3,0.3,1.000,1.000,0.0,0.0,,0.3,1.3,1.5,0.3,0.5,0.5,0.0,0.8,0.5,,kolokch01
489,Christian Koloko,25,LAL,C,2,0,3.0,0.0,0.0,,0.0,0.0,,0.0,0.0,,,0.0,0.0,,0.0,0.5,0.5,0.0,0.0,0.0,0.0,0.5,0.0,,kolokch01
489,Christian Koloko,25,MEM,C,2,0,10.0,0.5,0.5,1.000,0.0,0.0,,0.5,0.5,1.000,1.000,0.0,0.0,,0.5,2.0,2.5,0.5,1.0,1.0,0.0,1.0,1.0,,kolokch01
490,Amari Williams,24,BOS,PF,6,0,5.2,0.2,0.3,.500,0.0,0.0,,0.2,0.3,.500,.500,0.2,0.3,.500,0.3,0.8,1.2,0.2,0.2,0.3,0.0,0.7,0.5,,william01
491,Pacome Dadiet,20,NYK,SG,11,0,3.3,0.1,0.7,.125,0.0,0.5,.000,0.1,0.3,.333,.125,0.2,0.2,1.000,0.0,0.6,0.6,0.4,0.1,0.0,0.0,0.3,0.4,,dadiepa01
492,Lachlan Olbrich,22,CHI,C,5,0,7.2,0.2,1.2,.167,0.0,0.6,.000,0.2,0.6,.333,.167,0.0,0.0,,0.6,1.6,2.2,0.6,0.0,0.0,0.4,1.6,0.4,,olbrila01
493,Jahmyl Telfort,24,LAC,PF,8,0,4.0,0.0,0.5,.000,0.0,0.5,.000,0.0,0.0,,.000,0.1,0.5,.250,0.0,0.4,0.4,0.1,0.1,0.0,0.1,0.6,0.1,,telfoja01
494,Sharife Cooper,24,WAS,PG,4,0,2.5,0.0,0.3,.000,0.0,0.3,.000,0.0,0.0,,.000,0.0,0.0,,0.0,0.0,0.0,0.0,0.0,0.0,0.3,0.3,0.0,,coopesh01
495,Isaiah Crawford,24,HOU,SF,2,0,2.5,0.0,0.5,.000,0.0,0.5,.000,0.0,0.0,,.000,0.0,0.0,,0.0,0.0,0.0,0.0,0.0,0.0,0.0,0.0,0.0,,crawfis01
496,Noa Essengue,19,CHI,PF,2,0,3.0,0.0,1.5,.000,0.0,1.0,.000,0.0,0.5,.000,.000,0.0,0.0,,0.0,0.0,0.0,0.0,0.5,0.0,0.0,0.5,0.0,,essenno01
497,Tosan Evbuomwan,24,NYK,SF,5,0,1.6,0.0,0.2,.000,0.0,0.0,,0.0,0.2,.000,.000,0.0,0.0,,0.2,0.2,0.4,0.0,0.0,0.0,0.0,0.2,0.0,,evbuoto01
498,Vladislav Goldin,24,MIA,C,1,0,1.0,0.0,0.0,,0.0,0.0,,0.0,0.0,,,0.0,0.0,,0.0,0.0,0.0,1.0,0.0,0.0,0.0,0.0,0.0,,goldivl01
499,Chucky Hepburn,22,TOR,PG,2,0,6.5,0.0,3.0,.000,0.0,2.5,.000,0.0,0.5,.000,.000,0.0,0.0,,0.0,0.5,0.5,1.0,0.5,0.0,0.5,1.0,0.0,,hepbuch01
500,Joe Ingles,38,MIN,SF,8,0,2.9,0.0,0.3,.000,0.0,0.3,.000,0.0,0.0,,.000,0.0,0.0,,0.0,0.0,0.0,0.8,0.1,0.0,0.0,0.3,0.0,,inglejo01
501,Chris Mañon,24,LAL,SG,3,0,4.3,0.0,0.3,.000,0.0,0.3,.000,0.0,0.0,,.000,0.0,0.0,,0.3,0.7,1.0,0.0,0.3,0.7,0.0,1.0,0.0,,manonch01
502,Alijah Martin,24,TOR,SG,2,0,3.5,0.0,0.5,.000,0.0,0.0,,0.0,0.5,.000,.000,0.0,0.0,,0.0,0.0,0.0,0.0,0.5,0.0,0.0,0.0,0.0,,martial01
,League Average,,,,,,,,,.470,,,.359,,,.547,.544,,,.786,,,,,,,,,,,-9999